<?xml version="1.0" encoding="utf-8"?>
<COLLADA xmlns="http://www.collada.org/2005/11/COLLADASchema" version="1.4.1">
  <asset>
    <contributor>
      <author>Mixamo</author>
      <authoring_tool>COLLADA Mixamo exporter</authoring_tool>
      <comments/>
    </contributor>
    <created>2024-08-19T10:12:45Z</created>
    <modified>2024-08-19T10:12:45Z</modified>
    <revision/>
    <title/>
    <unit meter="0.010000"/>
    <up_axis>Y_UP</up_axis>
  </asset>
  <library_animations>
    <animation id="mixamorig_Hips-anim" name="mixamorig_Hips">
      <source id="mixamorig_Hips-Matrix-animation-input">
        <float_array id="mixamorig_Hips-Matrix-animation-input-array" count="115">

0.000000 0.033333 0.066667 0.100000 0.133333 0.166667 0.200000 0.233333 0.266667 0.300000 0.333333 0.366667 0.400000 0.433333 0.466667 0.500000
0.533333 0.566667 0.600000 0.633333 0.666667 0.700000 0.733333 0.766667 0.800000 0.833333 0.866667 0.900000 0.933333 0.966667 1.000000 1.033333
1.066667 1.100000 1.133333 1.166667 1.200000 1.233333 1.266667 1.300000 1.333333 1.366667 1.400000 1.433333 1.466667 1.500000 1.533333 1.566667
1.600000 1.633333 1.666667 1.700000 1.733333 1.766667 1.800000 1.833333 1.866667 1.900000 1.933333 1.966667 2.000000 2.033333 2.066667 2.100000
2.133333 2.166667 2.200000 2.233333 2.266667 2.300000 2.333333 2.366667 2.400000 2.433333 2.466667 2.500000 2.533333 2.566667 2.600000 2.633333
2.666667 2.700000 2.733333 2.766667 2.800000 2.833333 2.866667 2.900000 2.933333 2.966667 3.000000 3.033333 3.066667 3.100000 3.133333 3.166667
3.200000 3.233333 3.266667 3.300000 3.333333 3.366667 3.400000 3.433333 3.466667 3.500000 3.533333 3.566667 3.600000 3.633333 3.666667 3.700000
3.733333 3.766667 3.800000</float_array>
        <technique_common>
          <accessor source="#mixamorig_Hips-Matrix-animation-input-array" count="115">
            <param name="TIME" type="float"/>
          </accessor>
        </technique_common>
      </source>
      <source id="mixamorig_Hips-Matrix-animation-output-transform">
        <float_array id="mixamorig_Hips-Matrix-animation-output-transform-array" count="1840">

0.999751 0.018273 -0.012789 -0.048810 -0.018218 0.999824 0.004402 83.003082 0.012867 -0.004168 0.999909 0.851688 0.000000 0.000000 0.000000 1.000000
0.999750 0.018244 -0.012964 -0.049005 -0.018298 0.999824 -0.004129 83.191582 0.012887 0.004366 0.999907 0.912853 0.000000 0.000000 0.000000 1.000000
0.999750 0.018135 -0.013093 -0.065816 -0.018331 0.999719 -0.015024 83.520844 0.012817 0.015260 0.999801 0.988691 0.000000 0.000000 0.000000 1.000000
0.999749 0.018165 -0.013125 -0.091805 -0.018520 0.999451 -0.027458 83.605659 0.012619 0.027695 0.999537 1.081035 0.000000 0.000000 0.000000 1.000000
0.999750 0.018094 -0.013111 -0.124692 -0.018613 0.999002 -0.040604 83.067894 0.012364 0.040838 0.999089 1.190919 0.000000 0.000000 0.000000 1.000000
0.999746 0.018313 -0.013129 -0.146711 -0.018993 0.998380 -0.053629 81.519966 0.012126 0.053865 0.998475 1.297643 0.000000 0.000000 0.000000 1.000000
0.999747 0.018267 -0.013092 -0.184223 -0.019089 0.997656 -0.065709 78.377510 0.011861 0.065942 0.997753 1.375379 0.000000 0.000000 0.000000 1.000000
0.999750 0.018145 -0.013041 -0.223632 -0.019085 0.996924 -0.076016 73.984032 0.011622 0.076246 0.997021 1.704722 0.000000 0.000000 0.000000 1.000000
0.999754 0.018000 -0.012998 -0.257506 -0.019033 0.996262 -0.084259 69.325638 0.011432 0.084485 0.996359 2.560583 0.000000 0.000000 0.000000 1.000000
0.999757 0.017827 -0.012945 -0.296383 -0.018952 0.995506 -0.092782 64.618637 0.011233 0.093005 0.995602 3.891689 0.000000 0.000000 0.000000 1.000000
0.999762 0.017611 -0.012883 -0.339933 -0.018826 0.994688 -0.101199 60.127567 0.011032 0.101417 0.994783 5.501142 0.000000 0.000000 0.000000 1.000000
0.999766 0.017396 -0.012828 -0.381909 -0.018686 0.993924 -0.108469 56.178734 0.010863 0.108683 0.994017 7.207330 0.000000 0.000000 0.000000 1.000000
0.999769 0.017248 -0.012827 -0.417735 -0.018583 0.993476 -0.112517 53.194160 0.010803 0.112729 0.993567 8.840462 0.000000 0.000000 0.000000 1.000000
0.999769 0.017248 -0.012838 -0.442540 -0.018548 0.993850 -0.109172 51.810768 0.010876 0.109385 0.993940 10.240028 0.000000 0.000000 0.000000 1.000000
0.999766 0.017365 -0.012882 -0.447648 -0.018578 0.994720 -0.100926 51.940777 0.011061 0.101142 0.994811 11.311003 0.000000 0.000000 0.000000 1.000000
0.999787 0.016273 -0.012681 -0.493323 -0.017287 0.996278 -0.084446 53.998520 0.011259 0.084647 0.996347 11.700000 0.000000 0.000000 0.000000 1.000000
0.999438 0.025409 -0.021844 -0.157643 -0.027572 0.994067 -0.105213 71.837425 0.019041 0.105756 0.994210 19.716911 0.000000 0.000000 0.000000 1.000000
0.999329 0.030946 -0.019579 0.092457 -0.033280 0.990558 -0.132995 93.647720 0.015279 0.133558 0.990923 28.187967 0.000000 0.000000 0.000000 1.000000
0.999643 0.025302 0.008542 0.394642 -0.023426 0.984406 -0.174346 114.472687 -0.012820 0.174084 0.984647 35.885498 0.000000 0.000000 0.000000 1.000000
0.999578 -0.010421 0.027099 0.401758 0.015229 0.982848 -0.183790 134.690521 -0.024719 0.184125 0.982592 43.144825 0.000000 0.000000 0.000000 1.000000
0.999501 -0.010953 0.029615 0.937060 0.015267 0.988623 -0.149637 152.595581 -0.027639 0.150015 0.988297 49.137196 0.000000 0.000000 0.000000 1.000000
0.999390 0.000059 0.034927 1.412215 0.004096 0.992899 -0.118890 168.569504 -0.034686 0.118960 0.992293 54.294880 0.000000 0.000000 0.000000 1.000000
0.999059 0.003028 0.043258 1.488363 0.001790 0.993827 -0.110923 184.120804 -0.043327 0.110896 0.992887 59.414223 0.000000 0.000000 0.000000 1.000000
0.998284 0.007189 0.058117 1.582403 -0.001239 0.994807 -0.101770 199.104813 -0.058547 0.101524 0.993109 64.351089 0.000000 0.000000 0.000000 1.000000
0.995870 0.014004 0.089701 1.894845 -0.005903 0.995929 -0.089952 212.553055 -0.090595 0.089051 0.991898 69.351273 0.000000 0.000000 0.000000 1.000000
0.992216 0.018972 0.123075 2.056422 -0.006270 0.994684 -0.102783 223.620514 -0.124371 0.101211 0.987060 74.612343 0.000000 0.000000 0.000000 1.000000
0.990980 0.015421 0.133119 1.983853 0.003948 0.989566 -0.144025 232.128052 -0.133952 0.143252 0.980579 80.002983 0.000000 0.000000 0.000000 1.000000
0.991443 0.006589 0.130377 1.830896 0.017914 0.982411 -0.185870 238.477570 -0.129309 0.186615 0.973886 85.607101 0.000000 0.000000 0.000000 1.000000
0.991105 0.000294 0.133085 1.819309 0.027978 0.977189 -0.210519 242.813431 -0.130111 0.212370 0.968489 91.407257 0.000000 0.000000 0.000000 1.000000
0.991106 -0.006661 0.132910 2.035598 0.036525 0.974008 -0.223551 245.237823 -0.127967 0.226417 0.965588 96.967278 0.000000 0.000000 0.000000 1.000000
0.990674 -0.012092 0.135716 2.407798 0.042378 0.973997 -0.222561 245.864273 -0.129496 0.226237 0.965426 102.461624 0.000000 0.000000 0.000000 1.000000
0.990157 -0.015712 0.139075 2.792194 0.045625 0.975634 -0.214607 245.117844 -0.132314 0.218840 0.966748 107.845146 0.000000 0.000000 0.000000 1.000000
0.989549 -0.016811 0.143213 3.013117 0.045897 0.978248 -0.202300 243.434357 -0.136697 0.206759 0.968796 112.699211 0.000000 0.000000 0.000000 1.000000
0.989356 -0.016725 0.144553 3.100668 0.043969 0.981299 -0.187399 240.761719 -0.138715 0.191760 0.971589 117.107925 0.000000 0.000000 0.000000 1.000000
0.989681 -0.017391 0.142227 3.185529 0.042167 0.984002 -0.173098 236.936111 -0.136942 0.177309 0.974581 121.409882 0.000000 0.000000 0.000000 1.000000
0.989809 -0.018260 0.141228 3.228073 0.041506 0.985677 -0.163454 231.885239 -0.136221 0.167650 0.976390 125.776230 0.000000 0.000000 0.000000 1.000000
0.989292 -0.019715 0.144613 3.221431 0.043419 0.985728 -0.162649 225.529678 -0.139342 0.167187 0.976029 130.290207 0.000000 0.000000 0.000000 1.000000
0.988294 -0.025363 0.150437 3.175919 0.051583 0.983561 -0.173051 217.680008 -0.143575 0.178786 0.973356 134.910309 0.000000 0.000000 0.000000 1.000000
0.986897 -0.034859 0.157540 3.159561 0.065332 0.979095 -0.192626 207.792526 -0.147532 0.200395 0.968543 139.568054 0.000000 0.000000 0.000000 1.000000
0.985889 -0.048682 0.160167 3.193345 0.083057 0.972961 -0.215518 195.586624 -0.145345 0.225780 0.963275 143.899155 0.000000 0.000000 0.000000 1.000000
0.985720 -0.064947 0.155363 3.292879 0.100927 0.966413 -0.236348 181.203537 -0.134794 0.248653 0.959167 147.378128 0.000000 0.000000 0.000000 1.000000
0.985958 -0.081356 0.145838 3.396900 0.116871 0.959955 -0.254612 165.315491 -0.119284 0.268081 0.955983 150.067215 0.000000 0.000000 0.000000 1.000000
0.985643 -0.093744 0.140431 3.558512 0.129453 0.953531 -0.272067 148.612106 -0.108401 0.286340 0.951976 152.106995 0.000000 0.000000 0.000000 1.000000
0.984155 -0.102247 0.144858 3.622273 0.140486 0.948106 -0.285235 132.043839 -0.108177 0.301066 0.947448 153.949814 0.000000 0.000000 0.000000 1.000000
0.983669 -0.092672 0.154297 3.915352 0.133954 0.949513 -0.283692 115.852776 -0.120217 0.299728 0.946420 155.457565 0.000000 0.000000 0.000000 1.000000
0.985149 -0.075138 0.154387 4.214978 0.113815 0.959007 -0.259524 101.280029 -0.128558 0.273241 0.953316 156.338165 0.000000 0.000000 0.000000 1.000000
0.988786 -0.053256 0.139522 4.554369 0.083167 0.972341 -0.218257 85.251610 -0.124039 0.227413 0.965866 157.208710 0.000000 0.000000 0.000000 1.000000
0.992980 -0.034484 0.113148 5.048088 0.054839 0.981758 -0.182056 68.587997 -0.104806 0.186983 0.976756 157.173767 0.000000 0.000000 0.000000 1.000000
0.996356 -0.015847 0.083810 5.140501 0.030667 0.983438 -0.178630 54.273266 -0.079591 0.180550 0.980340 157.795029 0.000000 0.000000 0.000000 1.000000
0.998054 0.004220 0.062209 5.404804 0.009846 0.974523 -0.224072 43.477722 -0.061570 0.224249 0.972585 159.161362 0.000000 0.000000 0.000000 1.000000
0.998757 0.021413 0.045003 5.955451 -0.005714 0.946241 -0.323412 40.693645 -0.049509 0.322753 0.945187 160.622986 0.000000 0.000000 0.000000 1.000000
0.999167 0.017322 0.036959 6.554543 -0.000734 0.912963 -0.408042 40.856266 -0.040810 0.407675 0.912215 162.427948 0.000000 0.000000 0.000000 1.000000
0.999349 0.006786 0.035431 6.885241 0.009005 0.904137 -0.427149 42.109886 -0.034933 0.427190 0.903487 164.404205 0.000000 0.000000 0.000000 1.000000
0.999345 0.001592 0.036141 6.845640 0.013788 0.906866 -0.421192 43.960667 -0.033446 0.421415 0.906251 165.948227 0.000000 0.000000 0.000000 1.000000
0.998895 0.002830 0.046903 6.749254 0.016515 0.913359 -0.406821 46.110615 -0.043991 0.407146 0.912303 167.043869 0.000000 0.000000 0.000000 1.000000
0.998674 0.013798 0.049588 6.687210 0.007945 0.910533 -0.413360 48.361012 -0.050854 0.413206 0.909217 168.354324 0.000000 0.000000 0.000000 1.000000
0.997986 0.030533 0.055595 6.488057 -0.003415 0.901104 -0.433589 50.590679 -0.063336 0.432526 0.899394 169.753860 0.000000 0.000000 0.000000 1.000000
0.996495 0.049871 0.067162 6.224299 -0.014246 0.892305 -0.451209 52.712944 -0.082431 0.448670 0.889888 171.020218 0.000000 0.000000 0.000000 1.000000
0.994895 0.065462 0.076809 5.893831 -0.021637 0.881747 -0.471227 54.568344 -0.098574 0.467159 0.878661 172.246094 0.000000 0.000000 0.000000 1.000000
0.993409 0.072953 0.088406 5.481597 -0.020626 0.872482 -0.488210 56.069221 -0.112749 0.483169 0.868237 173.389099 0.000000 0.000000 0.000000 1.000000
0.992201 0.078214 0.097058 5.062835 -0.018670 0.863110 -0.504670 56.533123 -0.123244 0.498922 0.857839 174.416336 0.000000 0.000000 0.000000 1.000000
0.991469 0.083933 0.099722 4.719785 -0.019470 0.851860 -0.523408 56.598724 -0.128880 0.517001 0.846227 175.305634 0.000000 0.000000 0.000000 1.000000
0.990846 0.086608 0.103553 4.442884 -0.017389 0.842569 -0.538308 56.603161 -0.133872 0.531580 0.836362 176.036545 0.000000 0.000000 0.000000 1.000000
0.990353 0.085310 0.109195 4.212596 -0.012223 0.838730 -0.544410 56.561028 -0.138029 0.537824 0.831681 176.534286 0.000000 0.000000 0.000000 1.000000
0.990262 0.082052 0.112467 4.044357 -0.007994 0.840036 -0.542472 56.246971 -0.138987 0.536290 0.832512 176.728165 0.000000 0.000000 0.000000 1.000000
0.990711 0.076752 0.112257 3.921506 -0.004708 0.844360 -0.535756 55.569538 -0.135906 0.530250 0.836878 176.623322 0.000000 0.000000 0.000000 1.000000
0.991648 0.069492 0.108648 3.810083 -0.001610 0.849025 -0.528350 54.750759 -0.128961 0.523763 0.842046 176.306931 0.000000 0.000000 0.000000 1.000000
0.992790 0.061005 0.103180 3.697478 0.001451 0.854621 -0.519250 53.927868 -0.119857 0.515656 0.848371 175.427856 0.000000 0.000000 0.000000 1.000000
0.994162 0.049226 0.096012 3.590145 0.005901 0.863720 -0.503938 53.231121 -0.107734 0.501563 0.858387 174.141281 0.000000 0.000000 0.000000 1.000000
0.995863 0.033010 0.084657 3.468566 0.012169 0.874835 -0.484268 52.750771 -0.090046 0.483295 0.870814 172.637466 0.000000 0.000000 0.000000 1.000000
0.997493 0.012554 0.069637 3.365571 0.021157 0.886204 -0.462812 52.452137 -0.067523 0.463125 0.883717 171.047516 0.000000 0.000000 0.000000 1.000000
0.998362 -0.013584 0.055577 3.292042 0.036419 0.900064 -0.434234 52.358257 -0.044124 0.435547 0.899084 169.588318 0.000000 0.000000 0.000000 1.000000
0.998393 -0.042010 0.038030 3.253284 0.053795 0.913598 -0.403045 52.612968 -0.017812 0.404443 0.914390 168.502289 0.000000 0.000000 0.000000 1.000000
0.997694 -0.065757 0.016795 3.228225 0.067265 0.925125 -0.373655 53.374702 0.009033 0.373924 0.927415 167.890976 0.000000 0.000000 0.000000 1.000000
0.996526 -0.083201 -0.003696 3.200389 0.076921 0.936504 -0.342116 54.545368 0.031926 0.340643 0.939651 167.788254 0.000000 0.000000 0.000000 1.000000
0.994915 -0.095602 -0.031684 3.198324 0.081151 0.947266 -0.310003 56.287712 0.059650 0.305855 0.950208 168.117172 0.000000 0.000000 0.000000 1.000000
0.991491 -0.109756 -0.069999 3.243197 0.086368 0.956948 -0.277112 58.425697 0.097401 0.268709 0.958284 168.907745 0.000000 0.000000 0.000000 1.000000
0.985785 -0.119181 -0.118426 3.480164 0.088680 0.967760 -0.235746 60.297966 0.142704 0.221893 0.964572 169.960449 0.000000 0.000000 0.000000 1.000000
0.977865 -0.114475 -0.175142 3.886018 0.080172 0.978170 -0.191719 61.857590 0.193266 0.173434 0.965696 171.501205 0.000000 0.000000 0.000000 1.000000
0.966229 -0.099445 -0.237724 4.332544 0.062477 0.985415 -0.158282 63.324265 0.249998 0.138084 0.958350 173.974640 0.000000 0.000000 0.000000 1.000000
0.949125 -0.066977 -0.307694 4.928075 0.031296 0.992344 -0.119471 64.816780 0.313340 0.103764 0.943955 177.020920 0.000000 0.000000 0.000000 1.000000
0.926640 -0.035149 -0.374304 5.523323 0.007397 0.997132 -0.075322 66.412529 0.375878 0.067028 0.924242 180.436996 0.000000 0.000000 0.000000 1.000000
0.901549 -0.030912 -0.431572 5.780243 0.014448 0.999039 -0.041377 68.150757 0.432436 0.031068 0.901129 184.072021 0.000000 0.000000 0.000000 1.000000
0.874560 -0.045027 -0.482822 5.802777 0.043086 0.998957 -0.015118 70.029358 0.482999 -0.007581 0.875588 187.685287 0.000000 0.000000 0.000000 1.000000
0.846244 -0.059453 -0.529467 5.765826 0.072954 0.997325 0.004614 72.017494 0.527777 -0.042531 0.848318 191.249619 0.000000 0.000000 0.000000 1.000000
0.816472 -0.066816 -0.573506 5.817305 0.094050 0.995406 0.017925 74.098000 0.569674 -0.068573 0.819005 194.821671 0.000000 0.000000 0.000000 1.000000
0.784867 -0.068044 -0.615918 6.035496 0.106014 0.994043 0.025277 75.836716 0.610529 -0.085135 0.787405 198.429138 0.000000 0.000000 0.000000 1.000000
0.749310 -0.066044 -0.658918 6.412042 0.113736 0.993064 0.029803 76.992004 0.652379 -0.097274 0.751625 202.010559 0.000000 0.000000 0.000000 1.000000
0.706518 -0.059567 -0.705184 6.960449 0.117837 0.992443 0.034228 77.511162 0.697816 -0.107279 0.708198 205.618851 0.000000 0.000000 0.000000 1.000000
0.657183 -0.047153 -0.752255 7.638565 0.115964 0.992484 0.039097 77.299095 0.744757 -0.112928 0.657711 209.219650 0.000000 0.000000 0.000000 1.000000
0.601568 -0.027228 -0.798358 8.426520 0.109227 0.992836 0.048443 76.298981 0.791319 -0.116344 0.600232 212.808197 0.000000 0.000000 0.000000 1.000000
0.541638 -0.000887 -0.840611 9.389793 0.102171 0.992655 0.064786 74.799355 0.834380 -0.120976 0.537750 216.270325 0.000000 0.000000 0.000000 1.000000
0.488353 0.035650 -0.871917 10.498892 0.096286 0.990863 0.094442 72.715202 0.867318 -0.130075 0.480459 219.330704 0.000000 0.000000 0.000000 1.000000
0.464100 0.059508 -0.883782 11.523145 0.092818 0.988981 0.115333 70.436653 0.880906 -0.135557 0.453462 221.775681 0.000000 0.000000 0.000000 1.000000
0.451124 0.062358 -0.890280 12.310720 0.085794 0.989906 0.112809 68.549240 0.888328 -0.127272 0.441220 223.785492 0.000000 0.000000 0.000000 1.000000
0.426099 0.067888 -0.902126 13.010679 0.079880 0.990462 0.112265 66.919434 0.901143 -0.119898 0.416612 225.266083 0.000000 0.000000 0.000000 1.000000
0.402929 0.073091 -0.912308 13.645847 0.079224 0.990279 0.114328 65.643494 0.911796 -0.118343 0.393221 225.977417 0.000000 0.000000 0.000000 1.000000
0.391216 0.068031 -0.917781 14.139401 0.077575 0.991277 0.106546 64.974701 0.917024 -0.112880 0.382526 226.114334 0.000000 0.000000 0.000000 1.000000
0.385720 0.061058 -0.920593 14.498414 0.074012 0.992544 0.096840 64.755669 0.919643 -0.105488 0.378325 225.804031 0.000000 0.000000 0.000000 1.000000
0.383251 0.050749 -0.922249 14.670779 0.072050 0.993804 0.084628 64.923401 0.920830 -0.098882 0.377220 225.098572 0.000000 0.000000 0.000000 1.000000
0.384797 0.036606 -0.922275 14.635820 0.071741 0.995004 0.069425 65.472885 0.920209 -0.092879 0.380248 224.138290 0.000000 0.000000 0.000000 1.000000
0.388447 0.028550 -0.921029 14.493486 0.070769 0.995644 0.060710 66.188637 0.918749 -0.088762 0.384735 222.968124 0.000000 0.000000 0.000000 1.000000
0.392570 0.025783 -0.919361 14.272167 0.068940 0.995970 0.057369 66.961708 0.917135 -0.085902 0.389210 221.683502 0.000000 0.000000 0.000000 1.000000
0.398653 0.023493 -0.916801 13.958705 0.067531 0.996206 0.054892 67.743492 0.914612 -0.083796 0.395554 220.402420 0.000000 0.000000 0.000000 1.000000
0.406879 0.023300 -0.913185 13.616337 0.066570 0.996260 0.055080 68.457413 0.911053 -0.083202 0.403806 219.167068 0.000000 0.000000 0.000000 1.000000
0.414411 0.024380 -0.909763 13.282479 0.065694 0.996232 0.056622 69.101624 0.907716 -0.083230 0.411248 218.047073 0.000000 0.000000 0.000000 1.000000
0.419875 0.023744 -0.907271 12.978252 0.065314 0.996275 0.056300 69.678055 0.905229 -0.082897 0.416760 217.118179 0.000000 0.000000 0.000000 1.000000
0.423590 0.023143 -0.905558 12.731439 0.064531 0.996363 0.055650 70.173828 0.903552 -0.082010 0.420556 216.400345 0.000000 0.000000 0.000000 1.000000
0.427244 0.023078 -0.903842 12.553120 0.063640 0.996427 0.055525 70.592377 0.901894 -0.081243 0.424249 215.910645 0.000000 0.000000 0.000000 1.000000
0.431046 0.021470 -0.902075 12.441101 0.063902 0.996480 0.054252 70.925369 0.900065 -0.081030 0.428156 215.656998 0.000000 0.000000 0.000000 1.000000
0.433281 0.019476 -0.901049 12.396852 0.065347 0.996456 0.052961 71.156418 0.898887 -0.081827 0.430473 215.608673 0.000000 0.000000 0.000000 1.000000
0.434661 0.018115 -0.900412 12.423342 0.067943 0.996289 0.052843 71.311127 0.898028 -0.084146 0.431817 215.728104 0.000000 0.000000 0.000000 1.000000
0.435115 0.016836 -0.900218 12.504550 0.070724 0.996097 0.052813 71.428131 0.897593 -0.086647 0.432226 215.988800 0.000000 0.000000 0.000000 1.000000
0.434269 0.015667 -0.900647 12.623621 0.072821 0.995966 0.052437 71.530365 0.897835 -0.088358 0.431376 216.361877 0.000000 0.000000 0.000000 1.000000
0.433663 0.015140 -0.900948 12.690842 0.073712 0.995912 0.052216 71.581131 0.898055 -0.089055 0.430774 216.570282 0.000000 0.000000 0.000000 1.000000</float_array>
        <technique_common>
          <accessor source="#mixamorig_Hips-Matrix-animation-output-transform-array" count="115" stride="16">
            <param type="float4x4"/>
          </accessor>
        </technique_common>
      </source>
      <source id="mixamorig_Hips-Interpolations">
        <Name_array id="mixamorig_Hips-Interpolations-array" count="115">
 LINEAR LINEAR LINEAR LINEAR LINEAR LINEAR LINEAR LINEAR LINEAR LINEAR LINEAR
LINEAR LINEAR LINEAR LINEAR LINEAR LINEAR LINEAR LINEAR LINEAR LINEAR LINEAR LINEAR
LINEAR LINEAR LINEAR LINEAR LINEAR LINEAR LINEAR LINEAR LINEAR LINEAR LINEAR LINEAR
LINEAR LINEAR LINEAR LINEAR LINEAR LINEAR LINEAR LINEAR LINEAR LINEAR LINEAR LINEAR
LINEAR LINEAR LINEAR LINEAR LINEAR LINEAR LINEAR LINEAR LINEAR LINEAR LINEAR LINEAR
LINEAR LINEAR LINEAR LINEAR LINEAR LINEAR LINEAR LINEAR LINEAR LINEAR LINEAR LINEAR
LINEAR LINEAR LINEAR LINEAR LINEAR LINEAR LINEAR LINEAR LINEAR LINEAR LINEAR LINEAR
LINEAR LINEAR LINEAR LINEAR LINEAR LINEAR LINEAR LINEAR LINEAR LINEAR LINEAR LINEAR
LINEAR LINEAR LINEAR LINEAR LINEAR LINEAR LINEAR LINEAR LINEAR LINEAR LINEAR LINEAR
LINEAR LINEAR LINEAR LINEAR LINEAR LINEAR LINEAR LINEAR</Name_array>
        <technique_common>
          <accessor source="#mixamorig_Hips-Interpolations-array" count="115">
            <param type="name"/>
          </accessor>
        </technique_common>
      </source>
      <sampler id="mixamorig_Hips-Matrix-animation-transform">
        <input semantic="INPUT" source="#mixamorig_Hips-Matrix-animation-input"/>
        <input semantic="OUTPUT" source="#mixamorig_Hips-Matrix-animation-output-transform"/>
        <input semantic="INTERPOLATION" source="#mixamorig_Hips-Interpolations"/>
      </sampler>
      <channel source="#mixamorig_Hips-Matrix-animation-transform" target="mixamorig_Hips/matrix"/>
    </animation>
    <animation id="mixamorig_Spine-anim" name="mixamorig_Spine">
      <source id="mixamorig_Spine-Matrix-animation-input">
        <float_array id="mixamorig_Spine-Matrix-animation-input-array" count="115">

0.000000 0.033333 0.066667 0.100000 0.133333 0.166667 0.200000 0.233333 0.266667 0.300000 0.333333 0.366667 0.400000 0.433333 0.466667 0.500000
0.533333 0.566667 0.600000 0.633333 0.666667 0.700000 0.733333 0.766667 0.800000 0.833333 0.866667 0.900000 0.933333 0.966667 1.000000 1.033333
1.066667 1.100000 1.133333 1.166667 1.200000 1.233333 1.266667 1.300000 1.333333 1.366667 1.400000 1.433333 1.466667 1.500000 1.533333 1.566667
1.600000 1.633333 1.666667 1.700000 1.733333 1.766667 1.800000 1.833333 1.866667 1.900000 1.933333 1.966667 2.000000 2.033333 2.066667 2.100000
2.133333 2.166667 2.200000 2.233333 2.266667 2.300000 2.333333 2.366667 2.400000 2.433333 2.466667 2.500000 2.533333 2.566667 2.600000 2.633333
2.666667 2.700000 2.733333 2.766667 2.800000 2.833333 2.866667 2.900000 2.933333 2.966667 3.000000 3.033333 3.066667 3.100000 3.133333 3.166667
3.200000 3.233333 3.266667 3.300000 3.333333 3.366667 3.400000 3.433333 3.466667 3.500000 3.533333 3.566667 3.600000 3.633333 3.666667 3.700000
3.733333 3.766667 3.800000</float_array>
        <technique_common>
          <accessor source="#mixamorig_Spine-Matrix-animation-input-array" count="115">
            <param name="TIME" type="float"/>
          </accessor>
        </technique_common>
      </source>
      <source id="mixamorig_Spine-Matrix-animation-output-transform">
        <float_array id="mixamorig_Spine-Matrix-animation-output-transform-array" count="1840">

0.999974 -0.006283 0.003545 0.000000 0.006844 0.981590 -0.190879 13.663900 -0.002280 0.190898 0.981607 -1.184000 0.000000 0.000000 0.000000 1.000000
0.999873 -0.013573 0.008311 0.000000 0.014857 0.983261 -0.181595 13.663900 -0.005707 0.181695 0.983338 -1.184000 0.000000 0.000000 0.000000 1.000000
0.999676 -0.021635 0.013403 0.000000 0.023585 0.985422 -0.168484 13.663900 -0.009562 0.168745 0.985613 -1.184000 0.000000 0.000000 0.000000 1.000000
0.999459 -0.027442 0.018126 0.000000 0.030031 0.986193 -0.162855 13.663900 -0.013407 0.163311 0.986484 -1.184000 0.000000 0.000000 0.000000 1.000000
0.999373 -0.027787 0.021953 0.000000 0.031225 0.983879 -0.176090 13.663900 -0.016706 0.176666 0.984129 -1.184000 0.000000 0.000000 0.000000 1.000000
0.999426 -0.022655 0.025173 0.000000 0.027455 0.977190 -0.210586 13.663900 -0.019828 0.211157 0.977251 -1.184000 0.000000 0.000000 0.000000 1.000000
0.999534 -0.013538 0.027353 0.000000 0.020154 0.965824 -0.258412 13.663900 -0.022920 0.258843 0.965647 -1.184000 0.000000 0.000000 0.000000 1.000000
0.999598 -0.002619 0.028230 0.000000 0.011356 0.949350 -0.314016 13.663900 -0.025978 0.314210 0.948998 -1.184000 0.000000 0.000000 0.000000 1.000000
0.999581 0.008035 0.027817 0.000000 0.002891 0.928233 -0.371988 13.663900 -0.028810 0.371913 0.927821 -1.184000 0.000000 0.000000 0.000000 1.000000
0.999512 0.016434 0.026551 0.000000 -0.003517 0.904142 -0.427219 13.663900 -0.031027 0.426917 0.903758 -1.184000 0.000000 0.000000 0.000000 1.000000
0.999491 0.019363 0.025348 0.000000 -0.005075 0.881070 -0.472959 13.663900 -0.031491 0.472590 0.880720 -1.184000 0.000000 0.000000 0.000000 1.000000
0.999438 0.022059 0.025224 0.000000 -0.006287 0.862820 -0.505473 13.663900 -0.032914 0.505030 0.862474 -1.184000 0.000000 0.000000 0.000000 1.000000
0.999306 0.024779 0.027813 0.000000 -0.006401 0.849785 -0.527091 13.663900 -0.036695 0.526547 0.849354 -1.184000 0.000000 0.000000 0.000000 1.000000
0.999218 0.022716 0.032368 0.000000 -0.001967 0.846079 -0.533055 13.663900 -0.039495 0.532574 0.845462 -1.184000 0.000000 0.000000 0.000000 1.000000
0.999182 0.019480 0.035435 -0.000000 0.002716 0.842004 -0.539465 13.663900 -0.040345 0.539120 0.841262 -1.184000 0.000000 0.000000 0.000000 1.000000
0.999186 0.016837 0.036647 0.000000 0.005491 0.843413 -0.537237 13.663900 -0.039954 0.537001 0.842635 -1.184000 0.000000 0.000000 0.000000 1.000000
0.999223 0.010070 0.038104 0.000000 0.010693 0.861274 -0.508028 13.663900 -0.037934 0.508040 0.860498 -1.184000 0.000000 0.000000 0.000000 1.000000
0.999360 0.007934 0.034884 -0.000000 0.008243 0.897797 -0.440333 13.663900 -0.034812 0.440338 0.897157 -1.184000 0.000000 0.000000 0.000000 1.000000
0.999543 0.005701 0.029698 0.000000 0.004990 0.937508 -0.347928 13.663900 -0.029825 0.347917 0.937051 -1.184000 0.000000 0.000000 0.000000 1.000000
0.999289 0.030530 0.022119 0.000000 -0.024188 0.969225 -0.244986 13.663900 -0.028918 0.244277 0.969274 -1.184000 0.000000 0.000000 0.000000 1.000000
0.998635 0.045314 0.025966 0.000000 -0.041272 0.989389 -0.139308 13.663900 -0.032003 0.138046 0.989909 -1.184000 0.000000 0.000000 0.000000 1.000000
0.998543 0.043339 0.032155 0.000000 -0.042132 0.998415 -0.037314 13.663900 -0.033721 0.035905 0.998786 -1.184000 0.000000 0.000000 0.000000 1.000000
0.998716 0.036943 0.034673 0.000000 -0.038706 0.997915 0.051648 13.663900 -0.032693 -0.052924 0.998063 -1.184000 0.000000 0.000000 0.000000 1.000000
0.999064 0.029731 0.031415 0.000000 -0.033177 0.992742 0.115595 13.663900 -0.027750 -0.116529 0.992800 -1.184000 0.000000 0.000000 0.000000 1.000000
0.999501 0.022225 0.022445 0.000000 -0.025325 0.988529 0.148892 13.663900 -0.018878 -0.149386 0.988599 -1.184000 0.000000 0.000000 0.000000 1.000000
0.999778 0.016187 0.013452 0.000000 -0.018299 0.984280 0.175666 13.663900 -0.010397 -0.175873 0.984358 -1.184000 0.000000 0.000000 0.000000 1.000000
0.999887 0.012595 0.008234 0.000000 -0.014004 0.979098 0.202905 13.663900 -0.005507 -0.202998 0.979164 -1.184000 0.000000 0.000000 0.000000 1.000000
0.999932 0.010320 0.005428 0.000000 -0.011282 0.973889 0.226744 13.663900 -0.002946 -0.226790 0.973939 -1.184000 0.000000 0.000000 0.000000 1.000000
0.999956 0.008485 0.004059 0.000000 -0.009217 0.970029 0.242813 13.663900 -0.001877 -0.242840 0.970065 -1.184000 0.000000 0.000000 0.000000 1.000000
0.999969 0.007487 0.002415 -0.000000 -0.007853 0.968277 0.249755 13.663900 -0.000468 -0.249766 0.968306 -1.184000 0.000000 0.000000 0.000000 1.000000
0.999951 0.009646 0.002117 0.000000 -0.009870 0.968828 0.247539 13.663900 0.000337 -0.247548 0.968876 -1.184000 0.000000 0.000000 0.000000 1.000000
0.999893 0.013994 0.004339 0.000000 -0.014627 0.970497 0.240668 13.663900 -0.000843 -0.240705 0.970598 -1.184000 0.000000 0.000000 0.000000 1.000000
0.999807 0.018764 0.005793 0.000000 -0.019594 0.972789 0.230861 13.663900 -0.001303 -0.230930 0.972970 -1.184000 0.000000 0.000000 0.000000 1.000000
0.999702 0.023086 0.007873 0.000000 -0.024251 0.975348 0.219335 13.663900 -0.002615 -0.219461 0.975618 -1.184000 0.000000 0.000000 0.000000 1.000000
0.999566 0.027214 0.011242 0.000000 -0.028958 0.977716 0.207927 13.663900 -0.005333 -0.208162 0.978080 -1.184000 0.000000 0.000000 0.000000 1.000000
0.999457 0.030491 0.012518 0.000000 -0.032369 0.979597 0.198348 13.663900 -0.006215 -0.198646 0.980052 -1.184000 0.000000 0.000000 0.000000 1.000000
0.999388 0.033060 0.011408 0.000000 -0.034632 0.980945 0.191176 13.663900 -0.004870 -0.191455 0.981489 -1.184000 0.000000 0.000000 0.000000 1.000000
0.999229 0.037515 0.011546 0.000000 -0.039005 0.981924 0.185213 13.663900 -0.004389 -0.185520 0.982631 -1.184000 0.000000 0.000000 0.000000 1.000000
0.999022 0.042807 0.011065 0.000000 -0.044095 0.983022 0.178110 13.663900 -0.003253 -0.178424 0.983948 -1.184000 0.000000 0.000000 0.000000 1.000000
0.998797 0.048036 0.009817 0.000000 -0.049003 0.984505 0.168371 13.663900 -0.001577 -0.168649 0.985675 -1.184000 0.000000 0.000000 0.000000 1.000000
0.998670 0.051135 0.006519 0.000000 -0.051523 0.986159 0.157595 13.663900 0.001630 -0.157722 0.987482 -1.184000 0.000000 0.000000 0.000000 1.000000
0.998640 0.052119 0.001304 -0.000000 -0.051726 0.987364 0.149786 13.663900 0.006520 -0.149650 0.988718 -1.184000 0.000000 0.000000 0.000000 1.000000
0.998647 0.051658 -0.005940 0.000000 -0.050232 0.987930 0.146528 13.663900 0.013437 -0.146031 0.989189 -1.184000 0.000000 0.000000 0.000000 1.000000
0.998453 0.053956 -0.013442 0.000000 -0.051511 0.988549 0.141836 13.663900 0.020941 -0.140924 0.989799 -1.184000 0.000000 0.000000 0.000000 1.000000
0.998787 0.044652 -0.020742 0.000000 -0.041786 0.991588 0.122506 13.663900 0.026037 -0.121490 0.992251 -1.184000 0.000000 0.000000 0.000000 1.000000
0.999294 0.030079 -0.022491 0.000000 -0.028282 0.996678 0.076372 13.663900 0.024713 -0.075682 0.996826 -1.184000 0.000000 0.000000 0.000000 1.000000
0.999690 0.012154 -0.021735 0.000000 -0.012109 0.999924 0.002209 13.663900 0.021760 -0.001945 0.999761 -1.184000 0.000000 0.000000 0.000000 1.000000
0.999741 -0.000303 -0.022736 0.000000 -0.001661 0.996265 -0.086334 13.663900 0.022677 0.086350 0.996007 -1.184000 0.000000 0.000000 0.000000 1.000000
0.999585 -0.009609 -0.027171 0.000000 0.004910 0.985781 -0.167962 13.663900 0.028399 0.167759 0.985419 -1.184000 0.000000 0.000000 0.000000 1.000000
0.999189 -0.020051 -0.034916 0.000000 0.011617 0.973867 -0.226821 13.663900 0.038552 0.226232 0.973310 -1.184000 0.000000 0.000000 0.000000 1.000000
0.998966 -0.028272 -0.035614 -0.000000 0.018182 0.966232 -0.257033 13.663900 0.041678 0.256119 0.965746 -1.184000 0.000000 0.000000 0.000000 1.000000
0.998958 -0.031898 -0.032627 0.000000 0.022054 0.963517 -0.266737 13.663900 0.039945 0.265740 0.963217 -1.184000 0.000000 0.000000 0.000000 1.000000
0.999093 -0.030147 -0.030089 0.000000 0.021107 0.964012 -0.265020 13.663900 0.036996 0.264144 0.963773 -1.184000 0.000000 0.000000 0.000000 1.000000
0.999284 -0.026225 -0.027269 0.000000 0.018385 0.966549 -0.255821 13.663900 0.033066 0.255137 0.966339 -1.184000 0.000000 0.000000 0.000000 1.000000
0.999475 -0.021662 -0.024103 0.000000 0.015187 0.970125 -0.242132 13.663900 0.028628 0.241639 0.969944 -1.184000 0.000000 0.000000 0.000000 1.000000
0.999623 -0.017662 -0.021044 0.000000 0.012443 0.973963 -0.226364 13.663900 0.024494 0.226016 0.973816 -1.184000 0.000000 0.000000 0.000000 1.000000
0.999735 -0.014228 -0.018084 -0.000000 0.010104 0.977534 -0.210537 13.663900 0.020673 0.210299 0.977419 -1.184000 0.000000 0.000000 0.000000 1.000000
0.999810 -0.011520 -0.015717 0.000000 0.008201 0.980383 -0.196930 13.663900 0.017677 0.196764 0.980291 -1.184000 0.000000 0.000000 0.000000 1.000000
0.999851 -0.009604 -0.014330 0.000000 0.006741 0.982160 -0.187926 13.663900 0.015879 0.187801 0.982079 -1.184000 0.000000 0.000000 0.000000 1.000000
0.999855 -0.008122 -0.014990 -0.000000 0.005266 0.983366 -0.181560 13.663900 0.016216 0.181455 0.983266 -1.184000 0.000000 0.000000 0.000000 1.000000
0.999850 -0.007416 -0.015674 0.000000 0.004581 0.984776 -0.173770 13.663900 0.016724 0.173672 0.984661 -1.184000 0.000000 0.000000 0.000000 1.000000
0.999855 -0.007358 -0.015349 0.000000 0.004738 0.986411 -0.164225 13.663900 0.016349 0.164129 0.986303 -1.184000 0.000000 0.000000 0.000000 1.000000
0.999859 -0.007491 -0.015007 0.000000 0.005068 0.987836 -0.155417 13.663900 0.015988 0.155320 0.987735 -1.184000 0.000000 0.000000 0.000000 1.000000
0.999853 -0.007457 -0.015462 0.000000 0.005052 0.988656 -0.150112 13.663900 0.016406 0.150012 0.988548 -1.184000 0.000000 0.000000 0.000000 1.000000
0.999836 -0.007052 -0.016692 0.000000 0.004488 0.988841 -0.148907 13.663900 0.017556 0.148807 0.988710 -1.184000 0.000000 0.000000 0.000000 1.000000
0.999816 -0.006573 -0.018022 0.000000 0.003801 0.988716 -0.149756 13.663900 0.018803 0.149659 0.988559 -1.184000 0.000000 0.000000 0.000000 1.000000
0.999806 -0.006479 -0.018603 0.000000 0.003611 0.988641 -0.150251 13.663900 0.019365 0.150155 0.988473 -1.184000 0.000000 0.000000 0.000000 1.000000
0.999808 -0.007213 -0.018216 0.000000 0.004405 0.988718 -0.149725 13.663900 0.019091 0.149616 0.988560 -1.184000 0.000000 0.000000 0.000000 1.000000
0.999815 -0.007944 -0.017527 0.000000 0.005252 0.988883 -0.148602 13.663900 0.018513 0.148483 0.988742 -1.184000 0.000000 0.000000 0.000000 1.000000
0.999820 -0.007411 -0.017463 0.000000 0.004768 0.989155 -0.146795 13.663900 0.018362 0.146686 0.989013 -1.184000 0.000000 0.000000 0.000000 1.000000
0.999812 -0.004887 -0.018770 0.000000 0.002140 0.989624 -0.143667 13.663900 0.019277 0.143599 0.989448 -1.184000 0.000000 0.000000 0.000000 1.000000
0.999766 -0.000106 -0.021624 -0.000000 -0.002899 0.990307 -0.138862 13.663900 0.021429 0.138892 0.990076 -1.184000 0.000000 0.000000 0.000000 1.000000
0.999661 0.005997 -0.025322 0.000000 -0.009304 0.991128 -0.132584 13.663900 0.024302 0.132775 0.990848 -1.184000 0.000000 0.000000 0.000000 1.000000
0.999513 0.011659 -0.028960 0.000000 -0.015202 0.991999 -0.125330 13.663900 0.027267 0.125710 0.991692 -1.184000 0.000000 0.000000 0.000000 1.000000
0.999369 0.015754 -0.031827 0.000000 -0.019396 0.992875 -0.117573 13.663900 0.029748 0.118116 0.992554 -1.184000 0.000000 0.000000 0.000000 1.000000
0.999283 0.018854 -0.032827 0.000000 -0.022357 0.993700 -0.109818 13.663900 0.030549 0.110473 0.993410 -1.184000 0.000000 0.000000 0.000000 1.000000
0.999231 0.023120 -0.031682 0.000000 -0.026262 0.994373 -0.102630 13.663900 0.029131 0.103383 0.994215 -1.184000 0.000000 0.000000 0.000000 1.000000
0.999293 0.024949 -0.028123 0.000000 -0.027542 0.995006 -0.095936 13.663900 0.025589 0.096643 0.994990 -1.184000 0.000000 0.000000 0.000000 1.000000
0.999581 0.018761 -0.022027 0.000000 -0.020640 0.995870 -0.088413 13.663900 0.020277 0.088830 0.995840 -1.184000 0.000000 0.000000 0.000000 1.000000
0.999900 0.001213 -0.014098 0.000000 -0.002322 0.996876 -0.078954 13.663900 0.013958 0.078979 0.996779 -1.184000 0.000000 0.000000 0.000000 1.000000
0.999685 -0.024344 -0.006039 -0.000000 0.023876 0.997379 -0.068302 13.663900 0.007686 0.068136 0.997646 -1.184000 0.000000 0.000000 0.000000 1.000000
0.999079 -0.042904 -0.000419 0.000000 0.042807 0.997376 -0.058377 13.663900 0.002922 0.058305 0.998295 -1.184000 0.000000 0.000000 0.000000 1.000000
0.999219 -0.039500 0.001207 0.000000 0.039511 0.997949 -0.050367 13.663900 0.000785 0.050375 0.998730 -1.184000 0.000000 0.000000 0.000000 1.000000
0.999867 -0.016297 0.000394 0.000000 0.016299 0.998905 -0.043857 13.663900 0.000321 0.043858 0.999038 -1.184000 0.000000 0.000000 0.000000 1.000000
0.999925 0.012268 -0.000330 0.000000 -0.012271 0.999207 -0.037871 13.663900 -0.000135 0.037873 0.999283 -1.184000 0.000000 0.000000 0.000000 1.000000
0.999402 0.034581 0.000063 0.000000 -0.034562 0.998895 -0.031850 13.663900 -0.001164 0.031829 0.999493 -1.184000 0.000000 0.000000 0.000000 1.000000
0.998815 0.048654 0.001277 0.000000 -0.048605 0.998488 -0.025688 13.663900 -0.002525 0.025596 0.999669 -1.184000 0.000000 0.000000 0.000000 1.000000
0.998372 0.056949 0.003091 0.000000 -0.056879 0.998192 -0.019456 13.663900 -0.004193 0.019249 0.999806 -1.184000 0.000000 0.000000 0.000000 1.000000
0.998225 0.059238 0.006107 -0.000000 -0.059155 0.998164 -0.012998 13.663900 -0.006866 0.012614 0.999897 -1.184000 0.000000 0.000000 0.000000 1.000000
0.998347 0.056517 0.010431 0.000000 -0.056454 0.998386 -0.006223 13.663900 -0.010766 0.005624 0.999926 -1.184000 0.000000 0.000000 0.000000 1.000000
0.998585 0.050928 0.015326 0.000000 -0.050931 0.998702 -0.000156 13.663900 -0.015314 -0.000625 0.999883 -1.184000 0.000000 0.000000 0.000000 1.000000
0.998780 0.045871 0.018310 0.000000 -0.045940 0.998939 0.003364 13.663900 -0.018137 -0.004201 0.999827 -1.184000 0.000000 0.000000 0.000000 1.000000
0.998983 0.041388 0.017863 -0.000000 -0.041463 0.999133 0.003820 13.663900 -0.017690 -0.004557 0.999833 -1.184000 0.000000 0.000000 0.000000 1.000000
0.999213 0.036605 0.015252 0.000000 -0.036649 0.999325 0.002619 13.663900 -0.015145 -0.003175 0.999880 -1.184000 0.000000 0.000000 0.000000 1.000000
0.999403 0.031570 0.014068 0.000000 -0.031587 0.999501 0.000976 13.663900 -0.014030 -0.001420 0.999901 -1.184000 0.000000 0.000000 0.000000 1.000000
0.999466 0.028521 0.015931 0.000000 -0.028504 0.999593 -0.001278 13.663900 -0.015961 0.000824 0.999872 -1.184000 0.000000 0.000000 0.000000 1.000000
0.999414 0.028576 0.018828 -0.000000 -0.028501 0.999585 -0.004261 13.663900 -0.018942 0.003722 0.999814 -1.184000 0.000000 0.000000 0.000000 1.000000
0.999340 0.029943 0.020585 -0.000000 -0.029802 0.999531 -0.007109 13.663900 -0.020788 0.006491 0.999763 -1.184000 0.000000 0.000000 0.000000 1.000000
0.999283 0.031436 0.021078 0.000000 -0.031254 0.999472 -0.008939 13.663900 -0.021348 0.008273 0.999738 -1.184000 0.000000 0.000000 0.000000 1.000000
0.999226 0.033303 0.020955 -0.000000 -0.033108 0.999406 -0.009562 13.663900 -0.021261 0.008860 0.999735 -1.184000 0.000000 0.000000 0.000000 1.000000
0.999155 0.035609 0.020518 0.000000 -0.035422 0.999328 -0.009384 13.663900 -0.020839 0.008650 0.999745 -1.184000 0.000000 0.000000 0.000000 1.000000
0.999086 0.037863 0.019841 0.000000 -0.037690 0.999249 -0.009018 13.663900 -0.020167 0.008261 0.999762 -1.184000 0.000000 0.000000 0.000000 1.000000
0.999034 0.039664 0.018919 0.000000 -0.039504 0.999181 -0.008747 13.663900 -0.019251 0.007991 0.999783 -1.184000 0.000000 0.000000 0.000000 1.000000
0.999003 0.040939 0.017781 0.000000 -0.040793 0.999131 -0.008500 13.663900 -0.018114 0.007767 0.999806 -1.184000 0.000000 0.000000 0.000000 1.000000
0.998990 0.041778 0.016540 -0.000000 -0.041647 0.999099 -0.008171 13.663900 -0.016866 0.007474 0.999830 -1.184000 0.000000 0.000000 0.000000 1.000000
0.998992 0.042194 0.015342 0.000000 -0.042081 0.999085 -0.007639 13.663900 -0.015651 0.006985 0.999853 -1.184000 0.000000 0.000000 0.000000 1.000000
0.999010 0.042114 0.014325 0.000000 -0.042020 0.999094 -0.006796 13.663900 -0.014598 0.006188 0.999874 -1.184000 0.000000 0.000000 0.000000 1.000000
0.999051 0.041407 0.013500 0.000000 -0.041333 0.999129 -0.005711 13.663900 -0.013725 0.005147 0.999893 -1.184000 0.000000 0.000000 0.000000 1.000000
0.999113 0.040148 0.012717 -0.000000 -0.040093 0.999186 -0.004559 13.663900 -0.012890 0.004045 0.999909 -1.184000 0.000000 0.000000 0.000000 1.000000
0.999183 0.038617 0.011931 -0.000000 -0.038578 0.999249 -0.003510 13.663900 -0.012057 0.003047 0.999923 -1.184000 0.000000 0.000000 0.000000 1.000000
0.999249 0.037057 0.011304 -0.000000 -0.037029 0.999310 -0.002727 13.663900 -0.011397 0.002307 0.999932 -1.184000 0.000000 0.000000 0.000000 1.000000
0.999305 0.035618 0.011040 0.000000 -0.035595 0.999364 -0.002281 13.663900 -0.011114 0.001886 0.999936 -1.184000 0.000000 0.000000 0.000000 1.000000
0.999350 0.034329 0.010998 0.000000 -0.034309 0.999409 -0.002057 13.663900 -0.011062 0.001678 0.999937 -1.184000 0.000000 0.000000 0.000000 1.000000
0.999389 0.033178 0.010990 0.000000 -0.033159 0.999448 -0.001890 13.663900 -0.011047 0.001524 0.999938 -1.184000 0.000000 0.000000 0.000000 1.000000
