<?xml version="1.0" encoding="utf-8"?>
<COLLADA xmlns="http://www.collada.org/2005/11/COLLADASchema" version="1.4.1">
  <asset>
    <contributor>
      <author>Mixamo</author>
      <authoring_tool>COLLADA Mixamo exporter</authoring_tool>
      <comments/>
    </contributor>
    <created>2024-08-19T10:10:02Z</created>
    <modified>2024-08-19T10:10:02Z</modified>
    <revision/>
    <title/>
    <unit meter="0.010000"/>
    <up_axis>Y_UP</up_axis>
  </asset>
  <library_animations>
    <animation id="mixamorig_Hips-anim" name="mixamorig_Hips">
      <source id="mixamorig_Hips-Matrix-animation-input">
        <float_array id="mixamorig_Hips-Matrix-animation-input-array" count="428">

0.000000 0.033333 0.066667 0.100000 0.133333 0.166667 0.200000 0.233333 0.266667 0.300000 0.333333 0.366667 0.400000 0.433333 0.466667 0.500000
0.533333 0.566667 0.600000 0.633333 0.666667 0.700000 0.733333 0.766667 0.800000 0.833333 0.866667 0.900000 0.933333 0.966667 1.000000 1.033333
1.066667 1.100000 1.133333 1.166667 1.200000 1.233333 1.266667 1.300000 1.333333 1.366667 1.400000 1.433333 1.466667 1.500000 1.533333 1.566667
1.600000 1.633333 1.666667 1.700000 1.733333 1.766667 1.800000 1.833333 1.866667 1.900000 1.933333 1.966667 2.000000 2.033333 2.066667 2.100000
2.133333 2.166667 2.200000 2.233333 2.266667 2.300000 2.333333 2.366667 2.400000 2.433333 2.466667 2.500000 2.533333 2.566667 2.600000 2.633333
2.666667 2.700000 2.733333 2.766667 2.800000 2.833333 2.866667 2.900000 2.933333 2.966667 3.000000 3.033333 3.066667 3.100000 3.133333 3.166667
3.200000 3.233333 3.266667 3.300000 3.333333 3.366667 3.400000 3.433333 3.466667 3.500000 3.533333 3.566667 3.600000 3.633333 3.666667 3.700000
3.733333 3.766667 3.800000 3.833333 3.866667 3.900000 3.933333 3.966667 4.000000 4.033333 4.066667 4.100000 4.133333 4.166667 4.200000 4.233333
4.266667 4.300000 4.333333 4.366667 4.400000 4.433333 4.466667 4.500000 4.533333 4.566667 4.600000 4.633333 4.666667 4.700000 4.733333 4.766667
4.800000 4.833333 4.866667 4.900000 4.933333 4.966667 5.000000 5.033333 5.066667 5.100000 5.133333 5.166667 5.200000 5.233333 5.266667 5.300000
5.333333 5.366667 5.400000 5.433333 5.466667 5.500000 5.533333 5.566667 5.600000 5.633333 5.666667 5.700000 5.733333 5.766667 5.800000 5.833333
5.866667 5.900000 5.933333 5.966667 6.000000 6.033333 6.066667 6.100000 6.133333 6.166667 6.200000 6.233333 6.266667 6.300000 6.333333 6.366667
6.400000 6.433333 6.466667 6.500000 6.533333 6.566667 6.600000 6.633333 6.666667 6.700000 6.733333 6.766667 6.800000 6.833333 6.866667 6.900000
6.933333 6.966667 7.000000 7.033333 7.066667 7.100000 7.133333 7.166667 7.200000 7.233333 7.266667 7.300000 7.333333 7.366667 7.400000 7.433333
7.466667 7.500000 7.533333 7.566667 7.600000 7.633333 7.666667 7.700000 7.733333 7.766667 7.800000 7.833333 7.866667 7.900000 7.933333 7.966667
8.000000 8.033333 8.066667 8.100000 8.133333 8.166667 8.200000 8.233333 8.266667 8.300000 8.333333 8.366667 8.400000 8.433333 8.466667 8.500000
8.533333 8.566667 8.600000 8.633333 8.666667 8.700000 8.733333 8.766667 8.800000 8.833333 8.866667 8.900000 8.933333 8.966667 9.000000 9.033333
9.066667 9.100000 9.133333 9.166667 9.200000 9.233333 9.266667 9.300000 9.333333 9.366667 9.400000 9.433333 9.466667 9.500000 9.533333 9.566667
9.600000 9.633333 9.666667 9.700000 9.733333 9.766667 9.800000 9.833333 9.866667 9.900000 9.933333 9.966667 10.000000 10.033333 10.066667 10.100000
10.133333 10.166667 10.200000 10.233333 10.266667 10.300000 10.333333 10.366667 10.400000 10.433333 10.466667 10.500000 10.533333 10.566667 10.600000 10.633333
10.666667 10.700000 10.733333 10.766667 10.800000 10.833333 10.866667 10.900000 10.933333 10.966667 11.000000 11.033333 11.066667 11.100000 11.133333 11.166667
11.200000 11.233333 11.266667 11.300000 11.333333 11.366667 11.400000 11.433333 11.466667 11.500000 11.533333 11.566667 11.600000 11.633333 11.666667 11.700000
11.733333 11.766667 11.800000 11.833333 11.866667 11.900000 11.933333 11.966667 12.000000 12.033333 12.066667 12.100000 12.133333 12.166667 12.200000 12.233333
12.266667 12.300000 12.333333 12.366667 12.400000 12.433333 12.466667 12.500000 12.533333 12.566667 12.600000 12.633333 12.666667 12.700000 12.733333 12.766667
12.800000 12.833333 12.866667 12.900000 12.933333 12.966667 13.000000 13.033333 13.066667 13.100000 13.133333 13.166667 13.200000 13.233333 13.266667 13.300000
13.333333 13.366667 13.400000 13.433333 13.466667 13.500000 13.533333 13.566667 13.600000 13.633333 13.666667 13.700000 13.733333 13.766667 13.800000 13.833333
13.866667 13.900000 13.933333 13.966667 14.000000 14.033333 14.066667 14.100000 14.133333 14.166667 14.200000 14.233333</float_array>
        <technique_common>
          <accessor source="#mixamorig_Hips-Matrix-animation-input-array" count="428">
            <param name="TIME" type="float"/>
          </accessor>
        </technique_common>
      </source>
      <source id="mixamorig_Hips-Matrix-animation-output-transform">
        <float_array id="mixamorig_Hips-Matrix-animation-output-transform-array" count="6848">

0.999834 0.018217 0.000124 -0.037840 -0.018218 0.999824 0.004402 83.003082 -0.000044 -0.004403 0.999990 0.852247 0.000000 0.000000 0.000000 1.000000
0.999836 0.018122 0.000064 -0.044700 -0.018122 0.999825 0.004737 82.990898 0.000021 -0.004738 0.999989 0.857610 0.000000 0.000000 0.000000 1.000000
0.999839 0.017922 -0.000158 -0.047970 -0.017921 0.999827 0.005022 82.988770 0.000248 -0.005018 0.999987 0.880772 0.000000 0.000000 0.000000 1.000000
0.999843 0.017730 -0.000515 -0.049206 -0.017728 0.999829 0.005221 82.997841 0.000607 -0.005211 0.999986 0.924927 0.000000 0.000000 0.000000 1.000000
0.999845 0.017568 -0.000974 -0.047936 -0.017562 0.999831 0.005357 83.018562 0.001068 -0.005339 0.999985 0.984325 0.000000 0.000000 0.000000 1.000000
0.999848 0.017393 -0.001466 -0.043686 -0.017385 0.999833 0.005564 83.049171 0.001562 -0.005538 0.999983 1.051279 0.000000 0.000000 0.000000 1.000000
0.999851 0.017165 -0.001948 -0.037498 -0.017153 0.999835 0.006013 83.085579 0.002051 -0.005979 0.999980 1.122271 0.000000 0.000000 0.000000 1.000000
0.999854 0.016911 -0.002429 -0.031812 -0.016894 0.999834 0.006800 83.122627 0.002543 -0.006758 0.999974 1.196280 0.000000 0.000000 0.000000 1.000000
0.999856 0.016694 -0.002931 -0.028244 -0.016670 0.999830 0.007876 83.156975 0.003062 -0.007826 0.999965 1.272148 0.000000 0.000000 0.000000 1.000000
0.999856 0.016582 -0.003478 -0.027076 -0.016550 0.999821 0.009144 83.184372 0.003629 -0.009085 0.999952 1.348967 0.000000 0.000000 0.000000 1.000000
0.999856 0.016494 -0.004005 -0.027475 -0.016452 0.999811 0.010344 83.204247 0.004175 -0.010276 0.999938 1.427216 0.000000 0.000000 0.000000 1.000000
0.999858 0.016282 -0.004290 -0.029429 -0.016232 0.999804 0.011359 83.221237 0.004474 -0.011287 0.999926 1.506227 0.000000 0.000000 0.000000 1.000000
0.999867 0.015812 -0.004045 -0.032001 -0.015762 0.999802 0.012133 83.239624 0.004236 -0.012068 0.999918 1.585178 0.000000 0.000000 0.000000 1.000000
0.999881 0.015115 -0.003232 -0.033365 -0.015073 0.999807 0.012613 83.263947 0.003422 -0.012563 0.999915 1.665487 0.000000 0.000000 0.000000 1.000000
0.999893 0.014452 -0.002224 -0.031333 -0.014422 0.999815 0.012706 83.297401 0.002407 -0.012672 0.999917 1.751327 0.000000 0.000000 0.000000 1.000000
0.999900 0.014072 -0.001428 -0.024508 -0.014053 0.999825 0.012375 83.341629 0.001602 -0.012354 0.999922 1.843889 0.000000 0.000000 0.000000 1.000000
0.999902 0.013962 -0.000921 -0.012944 -0.013950 0.999834 0.011737 83.396355 0.001085 -0.011723 0.999931 1.939810 0.000000 0.000000 0.000000 1.000000
0.999903 0.013921 -0.000547 0.002266 -0.013914 0.999843 0.010972 83.459099 0.000700 -0.010963 0.999940 2.035043 0.000000 0.000000 0.000000 1.000000
0.999904 0.013890 -0.000145 0.019586 -0.013887 0.999851 0.010233 83.524368 0.000287 -0.010230 0.999948 2.127738 0.000000 0.000000 0.000000 1.000000
0.999904 0.013849 0.000280 0.037887 -0.013851 0.999858 0.009630 83.587082 -0.000147 -0.009633 0.999954 2.216760 0.000000 0.000000 0.000000 1.000000
0.999905 0.013797 0.000549 0.056624 -0.013801 0.999862 0.009216 83.643921 -0.000421 -0.009222 0.999957 2.301682 0.000000 0.000000 0.000000 1.000000
0.999906 0.013733 0.000525 0.075752 -0.013737 0.999865 0.009005 83.693329 -0.000401 -0.009012 0.999959 2.382853 0.000000 0.000000 0.000000 1.000000
0.999908 0.013587 0.000244 0.095523 -0.013588 0.999867 0.009021 83.734924 -0.000122 -0.009024 0.999959 2.460895 0.000000 0.000000 0.000000 1.000000
0.999912 0.013274 -0.000248 0.116813 -0.013271 0.999869 0.009308 83.769867 0.000372 -0.009304 0.999957 2.536042 0.000000 0.000000 0.000000 1.000000
0.999916 0.012952 -0.000934 0.139886 -0.012942 0.999868 0.009795 83.800056 0.001061 -0.009782 0.999952 2.607386 0.000000 0.000000 0.000000 1.000000
0.999916 0.012849 -0.001648 0.164005 -0.012832 0.999865 0.010244 83.827202 0.001779 -0.010222 0.999946 2.673999 0.000000 0.000000 0.000000 1.000000
0.999914 0.012922 -0.002075 0.188145 -0.012900 0.999862 0.010492 83.853348 0.002210 -0.010464 0.999943 2.735507 0.000000 0.000000 0.000000 1.000000
0.999913 0.013065 -0.002072 0.211426 -0.013042 0.999859 0.010593 83.880348 0.002210 -0.010565 0.999942 2.791555 0.000000 0.000000 0.000000 1.000000
0.999911 0.013230 -0.001834 0.233876 -0.013210 0.999856 0.010655 83.908913 0.001974 -0.010630 0.999942 2.841970 0.000000 0.000000 0.000000 1.000000
0.999909 0.013420 -0.001587 0.256438 -0.013403 0.999853 0.010682 83.938354 0.001730 -0.010660 0.999942 2.886733 0.000000 0.000000 0.000000 1.000000
0.999906 0.013663 -0.001320 0.279720 -0.013648 0.999851 0.010585 83.966835 0.001465 -0.010566 0.999943 2.924785 0.000000 0.000000 0.000000 1.000000
0.999903 0.013917 -0.000949 0.302863 -0.013906 0.999850 0.010298 83.992226 0.001093 -0.010284 0.999947 2.954201 0.000000 0.000000 0.000000 1.000000
0.999901 0.014031 -0.000511 0.324740 -0.014025 0.999852 0.010013 84.013519 0.000652 -0.010005 0.999950 2.974588 0.000000 0.000000 0.000000 1.000000
0.999902 0.013977 -0.000084 0.345777 -0.013975 0.999854 0.009839 84.033096 0.000221 -0.009836 0.999952 2.987536 0.000000 0.000000 0.000000 1.000000
0.999905 0.013781 0.000284 0.367366 -0.013783 0.999858 0.009731 84.054825 -0.000150 -0.009734 0.999953 2.995708 0.000000 0.000000 0.000000 1.000000
0.999907 0.013629 0.000513 0.389193 -0.013634 0.999861 0.009626 84.080872 -0.000381 -0.009632 0.999954 3.001927 0.000000 0.000000 0.000000 1.000000
0.999908 0.013586 0.000513 0.409951 -0.013590 0.999862 0.009534 84.110428 -0.000384 -0.009540 0.999954 3.008404 0.000000 0.000000 0.000000 1.000000
0.999908 0.013588 0.000265 0.428786 -0.013589 0.999863 0.009486 84.141914 -0.000136 -0.009489 0.999955 3.015797 0.000000 0.000000 0.000000 1.000000
0.999907 0.013637 -0.000184 0.444893 -0.013634 0.999862 0.009449 84.174576 0.000312 -0.009446 0.999955 3.023516 0.000000 0.000000 0.000000 1.000000
0.999905 0.013768 -0.000742 0.456874 -0.013761 0.999861 0.009431 84.207886 0.000872 -0.009420 0.999955 3.031001 0.000000 0.000000 0.000000 1.000000
0.999900 0.014068 -0.001343 0.463592 -0.014054 0.999857 0.009441 84.239998 0.001476 -0.009421 0.999955 3.038285 0.000000 0.000000 0.000000 1.000000
0.999893 0.014476 -0.001904 0.464863 -0.014458 0.999850 0.009486 84.268562 0.002041 -0.009457 0.999953 3.045617 0.000000 0.000000 0.000000 1.000000
0.999886 0.014898 -0.002311 0.461581 -0.014876 0.999843 0.009610 84.292953 0.002454 -0.009574 0.999951 3.052335 0.000000 0.000000 0.000000 1.000000
0.999880 0.015264 -0.002548 0.454726 -0.015238 0.999835 0.009841 84.314857 0.002698 -0.009801 0.999948 3.057104 0.000000 0.000000 0.000000 1.000000
0.999875 0.015569 -0.002693 0.445059 -0.015541 0.999829 0.010040 84.335526 0.002848 -0.009997 0.999946 3.059096 0.000000 0.000000 0.000000 1.000000
0.999871 0.015853 -0.002747 0.433694 -0.015825 0.999824 0.010078 84.354858 0.002907 -0.010033 0.999945 3.058343 0.000000 0.000000 0.000000 1.000000
0.999866 0.016126 -0.002691 0.421671 -0.016098 0.999820 0.010038 84.372398 0.002852 -0.009994 0.999946 3.055119 0.000000 0.000000 0.000000 1.000000
0.999863 0.016351 -0.002459 0.409443 -0.016325 0.999817 0.009942 84.387711 0.002621 -0.009900 0.999948 3.048908 0.000000 0.000000 0.000000 1.000000
0.999862 0.016503 -0.002116 0.397286 -0.016482 0.999816 0.009810 84.400032 0.002278 -0.009774 0.999950 3.038385 0.000000 0.000000 0.000000 1.000000
0.999862 0.016547 -0.001747 0.385998 -0.016529 0.999816 0.009743 84.408195 0.001908 -0.009713 0.999951 3.022102 0.000000 0.000000 0.000000 1.000000
0.999862 0.016557 -0.001402 0.376489 -0.016543 0.999816 0.009726 84.411552 0.001562 -0.009702 0.999952 2.999677 0.000000 0.000000 0.000000 1.000000
0.999863 0.016537 -0.001087 0.369183 -0.016526 0.999815 0.009818 84.411133 0.001249 -0.009798 0.999951 2.972424 0.000000 0.000000 0.000000 1.000000
0.999864 0.016485 -0.000835 0.363341 -0.016475 0.999814 0.010053 84.409195 0.001000 -0.010037 0.999949 2.942110 0.000000 0.000000 0.000000 1.000000
0.999865 0.016394 -0.000690 0.357867 -0.016386 0.999812 0.010341 84.408401 0.000859 -0.010328 0.999946 2.911295 0.000000 0.000000 0.000000 1.000000
0.999869 0.016193 -0.000607 0.352475 -0.016186 0.999813 0.010569 84.411049 0.000778 -0.010558 0.999944 2.882448 0.000000 0.000000 0.000000 1.000000
0.999872 0.016020 -0.000511 0.347417 -0.016014 0.999814 0.010711 84.416763 0.000682 -0.010702 0.999943 2.854397 0.000000 0.000000 0.000000 1.000000
0.999871 0.016036 -0.000375 0.342341 -0.016031 0.999812 0.010920 84.422180 0.000550 -0.010912 0.999940 2.821761 0.000000 0.000000 0.000000 1.000000
0.999867 0.016326 -0.000174 0.336014 -0.016323 0.999803 0.011311 84.422997 0.000359 -0.011307 0.999936 2.779181 0.000000 0.000000 0.000000 1.000000
0.999859 0.016764 0.000089 0.327809 -0.016763 0.999790 0.011805 84.416519 0.000109 -0.011804 0.999930 2.725232 0.000000 0.000000 0.000000 1.000000
0.999852 0.017215 0.000393 0.318076 -0.017218 0.999777 0.012255 84.401115 -0.000182 -0.012260 0.999925 2.662372 0.000000 0.000000 0.000000 1.000000
0.999844 0.017629 0.000706 0.307585 -0.017636 0.999764 0.012680 84.375687 -0.000482 -0.012690 0.999919 2.593872 0.000000 0.000000 0.000000 1.000000
0.999838 0.017946 0.001015 0.297173 -0.017958 0.999751 0.013263 84.340782 -0.000776 -0.013279 0.999912 2.521847 0.000000 0.000000 0.000000 1.000000
0.999836 0.018038 0.001407 0.287794 -0.018056 0.999737 0.014122 84.299042 -0.001152 -0.014145 0.999899 2.447256 0.000000 0.000000 0.000000 1.000000
0.999835 0.018039 0.001978 0.279584 -0.018067 0.999722 0.015145 84.254013 -0.001704 -0.015179 0.999883 2.371906 0.000000 0.000000 0.000000 1.000000
0.999835 0.017988 0.002636 0.273052 -0.018028 0.999707 0.016142 84.207474 -0.002345 -0.016187 0.999866 2.298773 0.000000 0.000000 0.000000 1.000000
0.999834 0.017913 0.003216 0.268982 -0.017965 0.999693 0.017073 84.159477 -0.002909 -0.017128 0.999849 2.229274 0.000000 0.000000 0.000000 1.000000
0.999834 0.017835 0.003661 0.267890 -0.017898 0.999677 0.018050 84.109062 -0.003338 -0.018112 0.999830 2.161443 0.000000 0.000000 0.000000 1.000000
0.999834 0.017773 0.003947 0.269751 -0.017845 0.999657 0.019164 84.056877 -0.003605 -0.019231 0.999809 2.092166 0.000000 0.000000 0.000000 1.000000
0.999834 0.017752 0.003990 0.274387 -0.017830 0.999633 0.020399 84.005508 -0.003627 -0.020466 0.999784 2.020840 0.000000 0.000000 0.000000 1.000000
0.999835 0.017805 0.003653 0.280980 -0.017880 0.999607 0.021600 83.958168 -0.003267 -0.021662 0.999760 1.950184 0.000000 0.000000 0.000000 1.000000
0.999833 0.018043 0.002869 0.287946 -0.018103 0.999582 0.022548 83.915993 -0.002461 -0.022596 0.999742 1.882969 0.000000 0.000000 0.000000 1.000000
0.999827 0.018505 0.001828 0.293533 -0.018542 0.999559 0.023193 83.877617 -0.001398 -0.023223 0.999729 1.818218 0.000000 0.000000 0.000000 1.000000
0.999818 0.019054 0.000829 0.296530 -0.019068 0.999537 0.023697 83.841995 -0.000377 -0.023709 0.999719 1.752431 0.000000 0.000000 0.000000 1.000000
0.999809 0.019532 -0.000042 0.297349 -0.019525 0.999516 0.024234 83.810051 0.000515 -0.024229 0.999706 1.684036 0.000000 0.000000 0.000000 1.000000
0.999802 0.019896 -0.000891 0.298070 -0.019868 0.999493 0.024888 83.783066 0.001386 -0.024865 0.999690 1.614579 0.000000 0.000000 0.000000 1.000000
0.999794 0.020220 -0.001786 0.300351 -0.020168 0.999467 0.025671 83.760376 0.002305 -0.025629 0.999669 1.546277 0.000000 0.000000 0.000000 1.000000
0.999784 0.020589 -0.002702 0.304229 -0.020511 0.999438 0.026517 83.740852 0.003247 -0.026456 0.999645 1.479535 0.000000 0.000000 0.000000 1.000000
0.999774 0.020959 -0.003588 0.309417 -0.020853 0.999410 0.027276 83.724380 0.004158 -0.027195 0.999621 1.413058 0.000000 0.000000 0.000000 1.000000
0.999766 0.021157 -0.004407 0.316228 -0.021026 0.999391 0.027850 83.710663 0.004994 -0.027751 0.999602 1.345852 0.000000 0.000000 0.000000 1.000000
0.999762 0.021183 -0.005130 0.324762 -0.021029 0.999379 0.028283 83.698975 0.005726 -0.028168 0.999587 1.278400 0.000000 0.000000 0.000000 1.000000
0.999761 0.021097 -0.005703 0.333999 -0.020926 0.999371 0.028639 83.687531 0.006303 -0.028513 0.999574 1.211934 0.000000 0.000000 0.000000 1.000000
0.999763 0.020888 -0.006054 0.341602 -0.020705 0.999367 0.028937 83.675064 0.006655 -0.028805 0.999563 1.147087 0.000000 0.000000 0.000000 1.000000
0.999768 0.020605 -0.006217 0.345618 -0.020415 0.999365 0.029189 83.661110 0.006815 -0.029055 0.999555 1.084197 0.000000 0.000000 0.000000 1.000000
0.999773 0.020340 -0.006322 0.345207 -0.020146 0.999364 0.029429 83.646576 0.006916 -0.029295 0.999547 1.023978 0.000000 0.000000 0.000000 1.000000
0.999776 0.020183 -0.006437 0.340468 -0.019984 0.999361 0.029649 83.633255 0.007032 -0.029514 0.999540 0.966752 0.000000 0.000000 0.000000 1.000000
0.999776 0.020105 -0.006583 0.331683 -0.019901 0.999360 0.029726 83.622818 0.007177 -0.029588 0.999536 0.911971 0.000000 0.000000 0.000000 1.000000
0.999776 0.020013 -0.006830 0.319362 -0.019803 0.999368 0.029508 83.616447 0.007416 -0.029366 0.999541 0.859115 0.000000 0.000000 0.000000 1.000000
0.999778 0.019816 -0.007219 0.304124 -0.019599 0.999387 0.028998 83.614304 0.007789 -0.028850 0.999553 0.808435 0.000000 0.000000 0.000000 1.000000
0.999780 0.019503 -0.007693 0.285706 -0.019278 0.999412 0.028371 83.615776 0.008242 -0.028217 0.999568 0.760717 0.000000 0.000000 0.000000 1.000000
0.999784 0.019126 -0.008126 0.263729 -0.018894 0.999437 0.027742 83.618889 0.008652 -0.027582 0.999582 0.716199 0.000000 0.000000 0.000000 1.000000
0.999788 0.018788 -0.008401 0.238863 -0.018554 0.999461 0.027076 83.620216 0.008905 -0.026914 0.999598 0.674767 0.000000 0.000000 0.000000 1.000000
0.999792 0.018532 -0.008502 0.212504 -0.018302 0.999484 0.026392 83.616974 0.008987 -0.026231 0.999616 0.636975 0.000000 0.000000 0.000000 1.000000
0.999797 0.018241 -0.008537 0.186159 -0.018014 0.999503 0.025883 83.608650 0.009005 -0.025724 0.999629 0.603493 0.000000 0.000000 0.000000 1.000000
0.999806 0.017756 -0.008523 0.160922 -0.017531 0.999514 0.025761 83.596512 0.008976 -0.025606 0.999632 0.574201 0.000000 0.000000 0.000000 1.000000
0.999818 0.017086 -0.008466 0.137315 -0.016861 0.999519 0.026027 83.581314 0.008907 -0.025880 0.999625 0.549266 0.000000 0.000000 0.000000 1.000000
0.999831 0.016381 -0.008305 0.116049 -0.016156 0.999519 0.026470 83.563408 0.008735 -0.026331 0.999615 0.529754 0.000000 0.000000 0.000000 1.000000
0.999843 0.015759 -0.008067 0.098109 -0.015537 0.999517 0.026905 83.543282 0.008487 -0.026775 0.999605 0.516139 0.000000 0.000000 0.000000 1.000000
0.999853 0.015229 -0.007827 0.083559 -0.015010 0.999514 0.027310 83.522530 0.008239 -0.027189 0.999596 0.508197 0.000000 0.000000 0.000000 1.000000
0.999862 0.014761 -0.007682 0.071248 -0.014543 0.999510 0.027732 83.503174 0.008088 -0.027617 0.999586 0.505364 0.000000 0.000000 0.000000 1.000000
0.999868 0.014366 -0.007631 0.059671 -0.014146 0.999504 0.028130 83.486732 0.008031 -0.028019 0.999575 0.506447 0.000000 0.000000 0.000000 1.000000
0.999872 0.014061 -0.007612 0.048042 -0.013840 0.999501 0.028397 83.474258 0.008007 -0.028288 0.999568 0.510045 0.000000 0.000000 0.000000 1.000000
0.999875 0.013831 -0.007615 0.036400 -0.013609 0.999502 0.028456 83.466713 0.008005 -0.028348 0.999566 0.515155 0.000000 0.000000 0.000000 1.000000
0.999877 0.013738 -0.007631 0.024919 -0.013516 0.999505 0.028412 83.464302 0.008017 -0.028305 0.999567 0.521158 0.000000 0.000000 0.000000 1.000000
0.999877 0.013716 -0.007655 0.013692 -0.013494 0.999510 0.028259 83.466148 0.008038 -0.028152 0.999571 0.527029 0.000000 0.000000 0.000000 1.000000
0.999876 0.013750 -0.007679 0.002925 -0.013529 0.999515 0.028041 83.470322 0.008061 -0.027934 0.999577 0.531957 0.000000 0.000000 0.000000 1.000000
0.999874 0.013862 -0.007698 -0.006987 -0.013644 0.999521 0.027783 83.474838 0.008079 -0.027674 0.999584 0.535317 0.000000 0.000000 0.000000 1.000000
0.999872 0.014041 -0.007704 -0.015546 -0.013824 0.999526 0.027499 83.478760 0.008086 -0.027389 0.999592 0.537362 0.000000 0.000000 0.000000 1.000000
0.999869 0.014210 -0.007692 -0.022390 -0.013996 0.999532 0.027209 83.481987 0.008075 -0.027097 0.999600 0.539302 0.000000 0.000000 0.000000 1.000000
0.999868 0.014321 -0.007657 -0.027428 -0.014110 0.999538 0.026916 83.484543 0.008039 -0.026804 0.999608 0.542203 0.000000 0.000000 0.000000 1.000000
0.999868 0.014379 -0.007592 -0.030570 -0.014172 0.999545 0.026611 83.486633 0.007971 -0.026500 0.999617 0.545911 0.000000 0.000000 0.000000 1.000000
0.999868 0.014418 -0.007425 -0.031507 -0.014218 0.999553 0.026280 83.488213 0.007801 -0.026171 0.999627 0.549871 0.000000 0.000000 0.000000 1.000000
0.999870 0.014437 -0.007213 -0.029834 -0.014245 0.999563 0.025901 83.488953 0.007584 -0.025795 0.999638 0.554098 0.000000 0.000000 0.000000 1.000000
0.999871 0.014435 -0.007006 -0.025415 -0.014252 0.999575 0.025441 83.489090 0.007370 -0.025338 0.999652 0.559151 0.000000 0.000000 0.000000 1.000000
0.999873 0.014411 -0.006836 -0.018445 -0.014237 0.999589 0.024895 83.489220 0.007192 -0.024795 0.999667 0.565453 0.000000 0.000000 0.000000 1.000000
0.999874 0.014361 -0.006724 -0.009403 -0.014194 0.999604 0.024301 83.489555 0.007070 -0.024202 0.999682 0.573107 0.000000 0.000000 0.000000 1.000000
0.999877 0.014206 -0.006698 0.001270 -0.014043 0.999620 0.023714 83.489578 0.007033 -0.023617 0.999696 0.582243 0.000000 0.000000 0.000000 1.000000
0.999879 0.013968 -0.006853 0.013265 -0.013805 0.999636 0.023183 83.487862 0.007174 -0.023086 0.999708 0.593401 0.000000 0.000000 0.000000 1.000000
0.999880 0.013686 -0.007239 0.026038 -0.013518 0.999650 0.022740 83.482697 0.007548 -0.022639 0.999715 0.607282 0.000000 0.000000 0.000000 1.000000
0.999879 0.013448 -0.007805 0.038965 -0.013271 0.999661 0.022396 83.473015 0.008103 -0.022290 0.999719 0.624231 0.000000 0.000000 0.000000 1.000000
0.999875 0.013372 -0.008430 0.051402 -0.013182 0.999668 0.022139 83.458969 0.008723 -0.022025 0.999719 0.643790 0.000000 0.000000 0.000000 1.000000
0.999869 0.013453 -0.009010 0.062561 -0.013252 0.999672 0.021930 83.441765 0.009302 -0.021808 0.999719 0.665165 0.000000 0.000000 0.000000 1.000000
0.999862 0.013655 -0.009478 0.071980 -0.013447 0.999674 0.021714 83.423073 0.009772 -0.021583 0.999719 0.687969 0.000000 0.000000 0.000000 1.000000
0.999856 0.013893 -0.009776 0.079347 -0.013681 0.999677 0.021425 83.404381 0.010070 -0.021288 0.999723 0.712145 0.000000 0.000000 0.000000 1.000000
0.999852 0.014136 -0.009840 0.084100 -0.013927 0.999682 0.021011 83.387177 0.010134 -0.020871 0.999731 0.737426 0.000000 0.000000 0.000000 1.000000
0.999849 0.014403 -0.009707 0.085702 -0.014202 0.999690 0.020454 83.373360 0.009999 -0.020313 0.999744 0.763877 0.000000 0.000000 0.000000 1.000000
0.999847 0.014695 -0.009523 0.084376 -0.014505 0.999700 0.019753 83.365005 0.009811 -0.019612 0.999760 0.792491 0.000000 0.000000 0.000000 1.000000
0.999844 0.014949 -0.009365 0.080543 -0.014770 0.999712 0.018941 83.363121 0.009645 -0.018799 0.999777 0.823910 0.000000 0.000000 0.000000 1.000000
0.999845 0.015070 -0.009112 0.074224 -0.014903 0.999725 0.018118 83.366318 0.009383 -0.017979 0.999794 0.857314 0.000000 0.000000 0.000000 1.000000
0.999849 0.015071 -0.008666 0.064751 -0.014918 0.999737 0.017408 83.371635 0.008926 -0.017276 0.999811 0.891668 0.000000 0.000000 0.000000 1.000000
0.999854 0.015027 -0.008127 0.052362 -0.014888 0.999747 0.016844 83.375778 0.008378 -0.016721 0.999825 0.927245 0.000000 0.000000 0.000000 1.000000
0.999858 0.014994 -0.007711 0.039475 -0.014867 0.999756 0.016342 83.377167 0.007954 -0.016225 0.999837 0.965606 0.000000 0.000000 0.000000 1.000000
0.999858 0.015022 -0.007577 0.028670 -0.014901 0.999764 0.015803 83.377502 0.007812 -0.015688 0.999846 1.009899 0.000000 0.000000 0.000000 1.000000
0.999855 0.015183 -0.007649 0.020764 -0.015066 0.999771 0.015212 83.380661 0.007879 -0.015094 0.999855 1.063663 0.000000 0.000000 0.000000 1.000000
0.999851 0.015387 -0.007827 0.014537 -0.015271 0.999776 0.014629 83.391136 0.008050 -0.014508 0.999862 1.128887 0.000000 0.000000 0.000000 1.000000
0.999845 0.015615 -0.008103 0.008664 -0.015500 0.999780 0.014159 83.411987 0.008322 -0.014032 0.999867 1.205684 0.000000 0.000000 0.000000 1.000000
0.999837 0.015916 -0.008503 0.003355 -0.015796 0.999778 0.013921 83.444183 0.008723 -0.013784 0.999867 1.293071 0.000000 0.000000 0.000000 1.000000
0.999827 0.016320 -0.008962 -0.000614 -0.016195 0.999773 0.013874 83.486465 0.009186 -0.013727 0.999864 1.389797 0.000000 0.000000 0.000000 1.000000
0.999814 0.016791 -0.009477 -0.002525 -0.016661 0.999769 0.013552 83.533463 0.009703 -0.013392 0.999863 1.495665 0.000000 0.000000 0.000000 1.000000
0.999799 0.017232 -0.010289 -0.001854 -0.017104 0.999778 0.012339 83.578064 0.010499 -0.012160 0.999871 1.612148 0.000000 0.000000 0.000000 1.000000
0.999779 0.017600 -0.011520 0.002482 -0.017482 0.999795 0.010245 83.621521 0.011698 -0.010041 0.999881 1.742172 0.000000 0.000000 0.000000 1.000000
0.999757 0.018094 -0.012594 0.013483 -0.017996 0.999807 0.007897 83.669243 0.012734 -0.007668 0.999890 1.887422 0.000000 0.000000 0.000000 1.000000
0.999739 0.019101 -0.012555 0.034378 -0.019031 0.999803 0.005610 83.709091 0.012660 -0.005369 0.999905 2.044501 0.000000 0.000000 0.000000 1.000000
0.999725 0.020631 -0.011158 0.064405 -0.020595 0.999782 0.003354 83.739059 0.011224 -0.003123 0.999932 2.209924 0.000000 0.000000 0.000000 1.000000
0.999717 0.021961 -0.009168 0.097230 -0.021949 0.999758 0.001470 83.760956 0.009198 -0.001268 0.999957 2.388995 0.000000 0.000000 0.000000 1.000000
0.999723 0.022369 -0.007356 0.126132 -0.022367 0.999750 0.000424 83.777275 0.007363 -0.000260 0.999973 2.590120 0.000000 0.000000 0.000000 1.000000
0.999742 0.021972 -0.005734 0.149561 -0.021971 0.999759 0.000110 83.783424 0.005735 0.000016 0.999984 2.813407 0.000000 0.000000 0.000000 1.000000
0.999762 0.021420 -0.004049 0.171238 -0.021420 0.999771 0.000009 83.771721 0.004048 0.000077 0.999992 3.050811 0.000000 0.000000 0.000000 1.000000
0.999774 0.021100 -0.002441 0.194342 -0.021101 0.999777 -0.000360 83.745987 0.002432 0.000411 0.999997 3.292568 0.000000 0.000000 0.000000 1.000000
0.999779 0.020982 -0.001310 0.218811 -0.020983 0.999779 -0.001289 83.711548 0.001282 0.001316 0.999998 3.532175 0.000000 0.000000 0.000000 1.000000
0.999779 0.020988 -0.000834 0.244026 -0.020991 0.999775 -0.002926 83.666748 0.000773 0.002943 0.999995 3.767811 0.000000 0.000000 0.000000 1.000000
0.999777 0.021093 -0.000887 0.276771 -0.021097 0.999764 -0.005123 83.596481 0.000779 0.005141 0.999986 4.001847 0.000000 0.000000 0.000000 1.000000
0.999769 0.021440 -0.001333 0.317802 -0.021450 0.999743 -0.007395 83.515335 0.001174 0.007422 0.999972 4.231633 0.000000 0.000000 0.000000 1.000000
0.999754 0.022077 -0.002231 0.379190 -0.022097 0.999710 -0.009535 83.422394 0.002020 0.009582 0.999952 4.463554 0.000000 0.000000 0.000000 1.000000
0.999737 0.022649 -0.003593 0.454362 -0.022688 0.999677 -0.011447 83.333527 0.003333 0.011525 0.999928 4.696462 0.000000 0.000000 0.000000 1.000000
0.999726 0.022795 -0.005398 0.525270 -0.022864 0.999654 -0.013010 83.280785 0.005099 0.013130 0.999901 4.925961 0.000000 0.000000 0.000000 1.000000
0.999717 0.022603 -0.007434 0.593874 -0.022707 0.999642 -0.014164 83.252518 0.007111 0.014328 0.999872 5.158854 0.000000 0.000000 0.000000 1.000000
0.999711 0.022212 -0.009238 0.662160 -0.022347 0.999640 -0.014832 83.245277 0.008906 0.015034 0.999847 5.393900 0.000000 0.000000 0.000000 1.000000
0.999709 0.021743 -0.010476 0.732343 -0.021899 0.999647 -0.015034 83.260063 0.010145 0.015259 0.999832 5.625632 0.000000 0.000000 0.000000 1.000000
0.999711 0.021256 -0.011221 0.803977 -0.021421 0.999661 -0.014805 83.298195 0.010903 0.015041 0.999827 5.850021 0.000000 0.000000 0.000000 1.000000
0.999715 0.020761 -0.011791 0.873483 -0.020927 0.999681 -0.014166 83.357956 0.011494 0.014409 0.999830 6.063792 0.000000 0.000000 0.000000 1.000000
0.999716 0.020340 -0.012431 0.939054 -0.020503 0.999703 -0.013153 83.434143 0.012160 0.013404 0.999836 6.262311 0.000000 0.000000 0.000000 1.000000
0.999711 0.020055 -0.013275 1.001917 -0.020212 0.999726 -0.011820 83.521469 0.013034 0.012085 0.999842 6.441848 0.000000 0.000000 0.000000 1.000000
0.999700 0.019779 -0.014467 1.061679 -0.019928 0.999749 -0.010272 83.615189 0.014260 0.010558 0.999843 6.601378 0.000000 0.000000 0.000000 1.000000
0.999679 0.019442 -0.016235 1.117922 -0.019583 0.999771 -0.008621 83.711273 0.016063 0.008936 0.999831 6.740140 0.000000 0.000000 0.000000 1.000000
0.999641 0.019097 -0.018771 1.173196 -0.019230 0.999791 -0.006941 83.805023 0.018635 0.007299 0.999800 6.855531 0.000000 0.000000 0.000000 1.000000
0.999582 0.018774 -0.021984 1.232159 -0.018896 0.999807 -0.005353 83.893127 0.021879 0.005766 0.999744 6.945256 0.000000 0.000000 0.000000 1.000000
0.999509 0.018388 -0.025388 1.295749 -0.018497 0.999821 -0.004054 83.976830 0.025309 0.004522 0.999669 7.009673 0.000000 0.000000 0.000000 1.000000
0.999437 0.017819 -0.028431 1.358693 -0.017914 0.999835 -0.003101 84.061417 0.028371 0.003608 0.999591 7.051183 0.000000 0.000000 0.000000 1.000000
0.999376 0.017104 -0.030900 1.414979 -0.017183 0.999850 -0.002286 84.151733 0.030856 0.002816 0.999520 7.072926 0.000000 0.000000 0.000000 1.000000
0.999325 0.016439 -0.032866 1.464386 -0.016494 0.999863 -0.001413 84.248711 0.032838 0.001954 0.999459 7.079444 0.000000 0.000000 0.000000 1.000000
0.999285 0.015874 -0.034314 1.508585 -0.015904 0.999873 -0.000599 84.348427 0.034300 0.001144 0.999411 7.076350 0.000000 0.000000 0.000000 1.000000
0.999270 0.015305 -0.034990 1.547028 -0.015317 0.999883 -0.000068 84.448196 0.034985 0.000603 0.999388 7.068492 0.000000 0.000000 0.000000 1.000000
0.999292 0.014623 -0.034674 1.574891 -0.014624 0.999893 0.000216 84.546326 0.034674 0.000291 0.999399 7.059660 0.000000 0.000000 0.000000 1.000000
0.999341 0.013836 -0.033562 1.591584 -0.013831 0.999904 0.000391 84.642708 0.033564 0.000074 0.999437 7.053739 0.000000 0.000000 0.000000 1.000000
0.999399 0.012876 -0.032189 1.600960 -0.012869 0.999917 0.000431 84.739128 0.032191 -0.000016 0.999482 7.053206 0.000000 0.000000 0.000000 1.000000
0.999454 0.011581 -0.030945 1.608660 -0.011579 0.999933 0.000244 84.834442 0.030946 0.000114 0.999521 7.056572 0.000000 0.000000 0.000000 1.000000
0.999505 0.009919 -0.029865 1.614089 -0.009926 0.999951 -0.000065 84.926819 0.029862 0.000362 0.999554 7.058482 0.000000 0.000000 0.000000 1.000000
0.999548 0.008184 -0.028917 1.613586 -0.008196 0.999966 -0.000280 85.016228 0.028913 0.000517 0.999582 7.053865 0.000000 0.000000 0.000000 1.000000
0.999577 0.006740 -0.028279 1.604286 -0.006753 0.999977 -0.000380 85.103394 0.028275 0.000571 0.999600 7.039305 0.000000 0.000000 0.000000 1.000000
0.999586 0.005658 -0.028212 1.583488 -0.005676 0.999984 -0.000535 85.185883 0.028208 0.000695 0.999602 7.012029 0.000000 0.000000 0.000000 1.000000
0.999576 0.004747 -0.028738 1.547174 -0.004777 0.999988 -0.000972 85.260612 0.028733 0.001109 0.999587 6.969515 0.000000 0.000000 0.000000 1.000000
0.999555 0.003917 -0.029570 1.494549 -0.003971 0.999991 -0.001755 85.329346 0.029563 0.001871 0.999561 6.912038 0.000000 0.000000 0.000000 1.000000
0.999537 0.003359 -0.030247 1.429226 -0.003443 0.999990 -0.002727 85.397614 0.030238 0.002829 0.999539 6.843909 0.000000 0.000000 0.000000 1.000000
0.999536 0.003296 -0.030275 1.354398 -0.003406 0.999988 -0.003614 85.470123 0.030263 0.003715 0.999535 6.771689 0.000000 0.000000 0.000000 1.000000
0.999561 0.003693 -0.029412 1.272097 -0.003817 0.999984 -0.004168 85.547600 0.029396 0.004279 0.999559 6.701278 0.000000 0.000000 0.000000 1.000000
0.999603 0.004332 -0.027838 1.185336 -0.004454 0.999981 -0.004326 85.625877 0.027819 0.004448 0.999603 6.635943 0.000000 0.000000 0.000000 1.000000
0.999650 0.005067 -0.025971 1.097370 -0.005178 0.999978 -0.004221 85.697311 0.025949 0.004354 0.999654 6.574463 0.000000 0.000000 0.000000 1.000000
0.999688 0.005866 -0.024262 1.011535 -0.005964 0.999974 -0.003985 85.754601 0.024238 0.004129 0.999698 6.511711 0.000000 0.000000 0.000000 1.000000
0.999711 0.006720 -0.023092 0.931899 -0.006806 0.999970 -0.003655 85.792625 0.023067 0.003811 0.999727 6.442993 0.000000 0.000000 0.000000 1.000000
0.999716 0.007621 -0.022597 0.862757 -0.007696 0.999965 -0.003238 85.809090 0.022572 0.003411 0.999739 6.367904 0.000000 0.000000 0.000000 1.000000
0.999710 0.008525 -0.022532 0.806755 -0.008591 0.999959 -0.002848 85.807098 0.022506 0.003041 0.999742 6.289936 0.000000 0.000000 0.000000 1.000000
0.999704 0.009261 -0.022489 0.762508 -0.009324 0.999953 -0.002704 85.795036 0.022463 0.002913 0.999743 6.213362 0.000000 0.000000 0.000000 1.000000
0.999708 0.009597 -0.022159 0.726871 -0.009668 0.999949 -0.003070 85.782616 0.022128 0.003284 0.999750 6.141325 0.000000 0.000000 0.000000 1.000000
0.999727 0.009505 -0.021355 0.700113 -0.009593 0.999946 -0.004033 85.775093 0.021315 0.004237 0.999764 6.075977 0.000000 0.000000 0.000000 1.000000
0.999755 0.009253 -0.020097 0.685398 -0.009362 0.999942 -0.005309 85.772430 0.020046 0.005496 0.999784 6.018093 0.000000 0.000000 0.000000 1.000000
0.999785 0.009154 -0.018584 0.682403 -0.009275 0.999936 -0.006428 85.771713 0.018524 0.006599 0.999807 5.966581 0.000000 0.000000 0.000000 1.000000
0.999812 0.009180 -0.017098 0.686063 -0.009303 0.999931 -0.007149 85.769463 0.017031 0.007307 0.999828 5.919877 0.000000 0.000000 0.000000 1.000000
0.999831 0.009246 -0.015886 0.692263 -0.009368 0.999927 -0.007603 85.763420 0.015815 0.007750 0.999845 5.877569 0.000000 0.000000 0.000000 1.000000
0.999843 0.009353 -0.015057 0.699487 -0.009475 0.999923 -0.008031 85.754990 0.014980 0.008172 0.999854 5.840477 0.000000 0.000000 0.000000 1.000000
0.999848 0.009483 -0.014602 0.707127 -0.009607 0.999918 -0.008474 85.748970 0.014520 0.008613 0.999857 5.808559 0.000000 0.000000 0.000000 1.000000
0.999846 0.009720 -0.014589 0.714639 -0.009849 0.999913 -0.008766 85.749352 0.014502 0.008909 0.999855 5.778542 0.000000 0.000000 0.000000 1.000000
0.999834 0.010040 -0.015209 0.722714 -0.010175 0.999909 -0.008811 85.755211 0.015120 0.008964 0.999846 5.744755 0.000000 0.000000 0.000000 1.000000
0.999811 0.010338 -0.016476 0.735987 -0.010483 0.999907 -0.008776 85.759560 0.016384 0.008947 0.999826 5.702072 0.000000 0.000000 0.000000 1.000000
0.999781 0.010671 -0.017985 0.759302 -0.010833 0.999901 -0.008926 85.754936 0.017888 0.009119 0.999798 5.646115 0.000000 0.000000 0.000000 1.000000
0.999754 0.011159 -0.019173 0.789087 -0.011339 0.999892 -0.009313 85.739594 0.019067 0.009528 0.999773 5.573531 0.000000 0.000000 0.000000 1.000000
0.999738 0.011673 -0.019664 0.814409 -0.011867 0.999882 -0.009773 85.720886 0.019548 0.010004 0.999759 5.483249 0.000000 0.000000 0.000000 1.000000
0.999742 0.011933 -0.019307 0.827974 -0.012132 0.999874 -0.010261 85.709343 0.019182 0.010492 0.999761 5.378225 0.000000 0.000000 0.000000 1.000000
0.999762 0.011990 -0.018214 0.833868 -0.012192 0.999865 -0.011032 85.709267 0.018079 0.011251 0.999773 5.264738 0.000000 0.000000 0.000000 1.000000
0.999785 0.012232 -0.016753 0.840756 -0.012438 0.999848 -0.012222 85.717110 0.016601 0.012427 0.999785 5.149587 0.000000 0.000000 0.000000 1.000000
0.999801 0.012851 -0.015240 0.853412 -0.013057 0.999824 -0.013493 85.726135 0.015064 0.013690 0.999793 5.037328 0.000000 0.000000 0.000000 1.000000
0.999812 0.013702 -0.013713 0.873150 -0.013899 0.999800 -0.014364 85.731750 0.013513 0.014552 0.999803 4.929698 0.000000 0.000000 0.000000 1.000000
0.999819 0.014630 -0.012137 0.899922 -0.014807 0.999783 -0.014621 85.731262 0.011920 0.014799 0.999819 4.826383 0.000000 0.000000 0.000000 1.000000
0.999821 0.015609 -0.010656 0.932951 -0.015760 0.999774 -0.014265 85.721199 0.010431 0.014430 0.999841 4.726929 0.000000 0.000000 0.000000 1.000000
0.999816 0.016653 -0.009519 0.972692 -0.016779 0.999771 -0.013301 85.698471 0.009295 0.013458 0.999866 4.633011 0.000000 0.000000 0.000000 1.000000
0.999805 0.017677 -0.008834 1.021057 -0.017780 0.999774 -0.011675 85.664795 0.008626 0.011830 0.999893 4.547864 0.000000 0.000000 0.000000 1.000000
0.999793 0.018476 -0.008541 1.077098 -0.018555 0.999784 -0.009323 85.626831 0.008366 0.009480 0.999920 4.472445 0.000000 0.000000 0.000000 1.000000
0.999785 0.018899 -0.008561 1.133744 -0.018953 0.999801 -0.006297 85.590103 0.008440 0.006458 0.999944 4.404182 0.000000 0.000000 0.000000 1.000000
0.999779 0.019101 -0.008781 1.185043 -0.019127 0.999813 -0.002885 85.556290 0.008725 0.003052 0.999957 4.339442 0.000000 0.000000 0.000000 1.000000
0.999772 0.019349 -0.008996 1.233696 -0.019346 0.999813 0.000461 85.525757 0.009004 -0.000287 0.999959 4.274680 0.000000 0.000000 0.000000 1.000000
0.999763 0.019790 -0.009029 1.283253 -0.019759 0.999799 0.003502 85.499229 0.009096 -0.003323 0.999953 4.206434 0.000000 0.000000 0.000000 1.000000
0.999753 0.020321 -0.009026 1.327835 -0.020263 0.999774 0.006434 85.473114 0.009155 -0.006250 0.999939 4.133584 0.000000 0.000000 0.000000 1.000000
0.999741 0.020803 -0.009183 1.358021 -0.020714 0.999739 0.009650 85.442169 0.009381 -0.009457 0.999911 4.056014 0.000000 0.000000 0.000000 1.000000
0.999732 0.021146 -0.009375 1.371247 -0.021020 0.999690 0.013317 85.405334 0.009654 -0.013116 0.999867 3.973066 0.000000 0.000000 0.000000 1.000000
0.999730 0.021323 -0.009263 1.371369 -0.021161 0.999626 0.017314 85.364471 0.009628 -0.017113 0.999807 3.885322 0.000000 0.000000 0.000000 1.000000
0.999733 0.021411 -0.008669 1.360989 -0.021221 0.999545 0.021453 85.319649 0.009124 -0.021263 0.999732 3.795714 0.000000 0.000000 0.000000 1.000000
0.999738 0.021534 -0.007793 1.340539 -0.021329 0.999446 0.025533 85.267807 0.008338 -0.025360 0.999644 3.708050 0.000000 0.000000 0.000000 1.000000
0.999734 0.021934 -0.007085 1.312669 -0.021717 0.999335 0.029276 85.205582 0.007722 -0.029114 0.999546 3.624873 0.000000 0.000000 0.000000 1.000000
0.999719 0.022679 -0.006931 1.283278 -0.022442 0.999219 0.032533 85.130943 0.007664 -0.032368 0.999447 3.543612 0.000000 0.000000 0.000000 1.000000
0.999697 0.023501 -0.007353 1.248589 -0.023227 0.999103 0.035408 85.043549 0.008179 -0.035226 0.999346 3.459171 0.000000 0.000000 0.000000 1.000000
0.999677 0.024126 -0.008021 1.202370 -0.023804 0.998994 0.038005 84.944099 0.008930 -0.037802 0.999245 3.363656 0.000000 0.000000 0.000000 1.000000
0.999664 0.024454 -0.008646 1.137417 -0.024087 0.998898 0.040270 84.834969 0.009621 -0.040049 0.999151 3.249988 0.000000 0.000000 0.000000 1.000000
0.999661 0.024419 -0.009069 1.048151 -0.024017 0.998826 0.042059 84.718910 0.010085 -0.041827 0.999074 3.115599 0.000000 0.000000 0.000000 1.000000
0.999667 0.024004 -0.009492 0.936640 -0.023570 0.998777 0.043462 84.600990 0.010524 -0.043224 0.999010 2.955903 0.000000 0.000000 0.000000 1.000000
0.999677 0.023379 -0.009966 0.813422 -0.022911 0.998737 0.044721 84.490875 0.010999 -0.044478 0.998950 2.768648 0.000000 0.000000 0.000000 1.000000
0.999689 0.022664 -0.010368 0.690578 -0.022166 0.998700 0.045895 84.400642 0.011395 -0.045651 0.998892 2.560595 0.000000 0.000000 0.000000 1.000000
