<?xml version="1.0" encoding="utf-8"?>
<COLLADA xmlns="http://www.collada.org/2005/11/COLLADASchema" version="1.4.1">
  <asset>
    <contributor>
      <author>Mixamo</author>
      <authoring_tool>COLLADA Mixamo exporter</authoring_tool>
      <comments/>
    </contributor>
    <created>2024-08-19T10:13:31Z</created>
    <modified>2024-08-19T10:13:31Z</modified>
    <revision/>
    <title/>
    <unit meter="0.010000"/>
    <up_axis>Y_UP</up_axis>
  </asset>
  <library_animations>
    <animation id="mixamorig_Hips-anim" name="mixamorig_Hips">
      <source id="mixamorig_Hips-Matrix-animation-input">
        <float_array id="mixamorig_Hips-Matrix-animation-input-array" count="141">

0.000000 0.033333 0.066667 0.100000 0.133333 0.166667 0.200000 0.233333 0.266667 0.300000 0.333333 0.366667 0.400000 0.433333 0.466667 0.500000
0.533333 0.566667 0.600000 0.633333 0.666667 0.700000 0.733333 0.766667 0.800000 0.833333 0.866667 0.900000 0.933333 0.966667 1.000000 1.033333
1.066667 1.100000 1.133333 1.166667 1.200000 1.233333 1.266667 1.300000 1.333333 1.366667 1.400000 1.433333 1.466667 1.500000 1.533333 1.566667
1.600000 1.633333 1.666667 1.700000 1.733333 1.766667 1.800000 1.833333 1.866667 1.900000 1.933333 1.966667 2.000000 2.033333 2.066667 2.100000
2.133333 2.166667 2.200000 2.233333 2.266667 2.300000 2.333333 2.366667 2.400000 2.433333 2.466667 2.500000 2.533333 2.566667 2.600000 2.633333
2.666667 2.700000 2.733333 2.766667 2.800000 2.833333 2.866667 2.900000 2.933333 2.966667 3.000000 3.033333 3.066667 3.100000 3.133333 3.166667
3.200000 3.233333 3.266667 3.300000 3.333333 3.366667 3.400000 3.433333 3.466667 3.500000 3.533333 3.566667 3.600000 3.633333 3.666667 3.700000
3.733333 3.766667 3.800000 3.833333 3.866667 3.900000 3.933333 3.966667 4.000000 4.033333 4.066667 4.100000 4.133333 4.166667 4.200000 4.233333
4.266667 4.300000 4.333333 4.366667 4.400000 4.433333 4.466667 4.500000 4.533333 4.566667 4.600000 4.633333 4.666667</float_array>
        <technique_common>
          <accessor source="#mixamorig_Hips-Matrix-animation-input-array" count="141">
            <param name="TIME" type="float"/>
          </accessor>
        </technique_common>
      </source>
      <source id="mixamorig_Hips-Matrix-animation-output-transform">
        <float_array id="mixamorig_Hips-Matrix-animation-output-transform-array" count="2256">

0.999834 0.018221 0.000128 -0.037692 -0.018221 0.999824 0.004402 83.003189 -0.000047 -0.004403 0.999990 0.852267 0.000000 0.000000 0.000000 1.000000
0.999829 0.018516 0.000134 -0.039467 -0.018516 0.999817 0.004877 83.005203 -0.000044 -0.004879 0.999988 0.853824 0.000000 0.000000 0.000000 1.000000
0.999823 0.018825 0.000146 -0.044634 -0.018825 0.999807 0.005598 83.009598 -0.000041 -0.005600 0.999984 0.857275 0.000000 0.000000 0.000000 1.000000
0.999817 0.019144 0.000234 -0.054503 -0.019145 0.999796 0.006415 83.017700 -0.000112 -0.006419 0.999979 0.864133 0.000000 0.000000 0.000000 1.000000
0.999812 0.019369 0.000434 -0.069812 -0.019371 0.999787 0.007179 83.031693 -0.000295 -0.007186 0.999974 0.877915 0.000000 0.000000 0.000000 1.000000
0.999812 0.019372 0.000681 -0.089210 -0.019377 0.999782 0.007826 83.052223 -0.000529 -0.007838 0.999969 0.899764 0.000000 0.000000 0.000000 1.000000
0.999813 0.019311 0.000972 -0.112546 -0.019318 0.999778 0.008435 83.077255 -0.000809 -0.008452 0.999964 0.925228 0.000000 0.000000 0.000000 1.000000
0.999815 0.019205 0.001310 -0.142937 -0.019216 0.999774 0.009092 83.110077 -0.001135 -0.009115 0.999958 0.956406 0.000000 0.000000 0.000000 1.000000
0.999826 0.018555 0.001689 -0.186220 -0.018570 0.999782 0.009568 83.169731 -0.001511 -0.009598 0.999953 1.019507 0.000000 0.000000 0.000000 1.000000
0.999868 0.016080 0.002120 -0.236471 -0.016099 0.999829 0.009087 83.284470 -0.001973 -0.009120 0.999956 1.155765 0.000000 0.000000 0.000000 1.000000
0.999936 0.010982 0.002649 -0.267613 -0.010999 0.999916 0.006824 83.461990 -0.002573 -0.006853 0.999973 1.375349 0.000000 0.000000 0.000000 1.000000
0.999989 0.004017 0.002240 -0.244769 -0.004022 0.999989 0.002535 83.676575 -0.002230 -0.002544 0.999994 1.643519 0.000000 0.000000 0.000000 1.000000
0.999995 -0.003047 -0.000687 -0.159297 0.003045 0.999990 -0.003327 83.888603 0.000697 0.003325 0.999994 1.926543 0.000000 0.000000 0.000000 1.000000
0.999938 -0.008856 -0.006723 -0.036044 0.008788 0.999911 -0.010071 84.065536 0.006811 0.010011 0.999927 2.222842 0.000000 0.000000 0.000000 1.000000
0.999805 -0.013174 -0.014689 0.094322 0.012925 0.999773 -0.016935 84.193062 0.014909 0.016742 0.999749 2.542879 0.000000 0.000000 0.000000 1.000000
0.999611 -0.016273 -0.022664 0.228467 0.015752 0.999612 -0.022964 84.264328 0.023029 0.022598 0.999479 2.878800 0.000000 0.000000 0.000000 1.000000
0.999396 -0.018394 -0.029495 0.380488 0.017593 0.999476 -0.027178 84.274971 0.029979 0.026643 0.999195 3.212897 0.000000 0.000000 0.000000 1.000000
0.999182 -0.019598 -0.035372 0.550865 0.018568 0.999401 -0.029220 84.224495 0.035924 0.028540 0.998947 3.541288 0.000000 0.000000 0.000000 1.000000
0.998980 -0.019877 -0.040549 0.725857 0.018696 0.999396 -0.029306 84.112137 0.041107 0.028518 0.998748 3.869351 0.000000 0.000000 0.000000 1.000000
0.998820 -0.019198 -0.044604 0.893275 0.017980 0.999459 -0.027556 83.935455 0.045109 0.026721 0.998625 4.196751 0.000000 0.000000 0.000000 1.000000
0.998728 -0.017488 -0.047296 1.043318 0.016385 0.999587 -0.023607 83.703377 0.047689 0.022802 0.998602 4.518224 0.000000 0.000000 0.000000 1.000000
0.998695 -0.014757 -0.048885 1.163793 0.013940 0.999758 -0.017017 83.444946 0.049124 0.016314 0.998659 4.828736 0.000000 0.000000 0.000000 1.000000
0.998716 -0.011277 -0.049393 1.245978 0.010884 0.999907 -0.008217 83.178032 0.049481 0.007668 0.998746 5.117856 0.000000 0.000000 0.000000 1.000000
0.998792 -0.007645 -0.048545 1.289892 0.007704 0.999970 0.001038 82.888351 0.048535 -0.001411 0.998820 5.360880 0.000000 0.000000 0.000000 1.000000
0.998923 -0.004599 -0.046165 1.302916 0.005009 0.999949 0.008755 82.588554 0.046122 -0.008977 0.998895 5.531203 0.000000 0.000000 0.000000 1.000000
0.999109 -0.002924 -0.042095 1.291953 0.003505 0.999900 0.013729 82.390350 0.042051 -0.013864 0.999019 5.613779 0.000000 0.000000 0.000000 1.000000
0.999340 -0.003082 -0.036192 1.255974 0.003654 0.999869 0.015748 82.456436 0.036139 -0.015870 0.999221 5.605687 0.000000 0.000000 0.000000 1.000000
0.999582 -0.004995 -0.028466 1.187543 0.005421 0.999874 0.014902 82.859032 0.028388 -0.015050 0.999484 5.503578 0.000000 0.000000 0.000000 1.000000
0.999785 -0.008168 -0.019035 1.083812 0.008383 0.999902 0.011234 83.529991 0.018941 -0.011391 0.999756 5.301561 0.000000 0.000000 0.000000 1.000000
0.999893 -0.012129 -0.008238 0.950866 0.012169 0.999915 0.004771 84.348740 0.008180 -0.004871 0.999955 4.999784 0.000000 0.000000 0.000000 1.000000
0.999860 -0.016473 0.003014 0.792955 0.016486 0.999855 -0.004238 85.202698 -0.002944 0.004287 0.999986 4.607998 0.000000 0.000000 0.000000 1.000000
0.999693 -0.020653 0.013689 0.601896 0.020857 0.999672 -0.014871 85.996078 -0.013378 0.015152 0.999796 4.142888 0.000000 0.000000 0.000000 1.000000
0.999447 -0.023836 0.023206 0.368489 0.024425 0.999379 -0.025417 86.631676 -0.022586 0.025970 0.999408 3.627467 0.000000 0.000000 0.000000 1.000000
0.999204 -0.025087 0.031002 0.101850 0.026139 0.999081 -0.033977 87.019379 -0.030121 0.034760 0.998942 3.092504 0.000000 0.000000 0.000000 1.000000
0.999066 -0.023880 0.036021 -0.178481 0.025302 0.998898 -0.039533 87.108688 -0.035038 0.040408 0.998569 2.563081 0.000000 0.000000 0.000000 1.000000
0.999093 -0.020251 0.037449 -0.458717 0.021816 0.998885 -0.041865 86.890030 -0.036560 0.042644 0.998421 2.048757 0.000000 0.000000 0.000000 1.000000
0.999243 -0.014545 0.036084 -0.734509 0.016015 0.999039 -0.040808 86.388565 -0.035455 0.041355 0.998515 1.553607 0.000000 0.000000 0.000000 1.000000
0.999381 -0.007053 0.034470 -1.001674 0.008294 0.999317 -0.035999 85.653793 -0.034193 0.036263 0.998757 1.097769 0.000000 0.000000 0.000000 1.000000
0.999347 0.002007 0.036072 -1.253687 -0.001006 0.999615 -0.027739 84.752022 -0.036114 0.027685 0.998964 0.704094 0.000000 0.000000 0.000000 1.000000
0.998981 0.012053 0.043482 -1.486475 -0.011295 0.999780 -0.017646 83.762459 -0.043685 0.017137 0.998898 0.361040 0.000000 0.000000 0.000000 1.000000
0.998176 0.021600 0.056378 -1.692277 -0.021175 0.999743 -0.008119 82.795242 -0.056539 0.006910 0.998376 0.035788 0.000000 0.000000 0.000000 1.000000
0.997051 0.028413 0.071288 -1.855235 -0.028459 0.999595 -0.000377 81.986816 -0.071270 -0.001653 0.997456 -0.253665 0.000000 0.000000 0.000000 1.000000
0.996014 0.030810 0.083703 -1.949825 -0.031413 0.999489 0.005894 81.458900 -0.083479 -0.008500 0.996473 -0.423189 0.000000 0.000000 0.000000 1.000000
0.995446 0.029287 0.090715 -1.979993 -0.030409 0.999477 0.011005 81.260849 -0.090346 -0.013713 0.995816 -0.412885 0.000000 0.000000 0.000000 1.000000
0.995569 0.026526 0.090217 -1.960896 -0.027905 0.999512 0.014052 81.348541 -0.089800 -0.016507 0.995823 -0.229831 0.000000 0.000000 0.000000 1.000000
0.996461 0.023896 0.080593 -1.937729 -0.025099 0.999588 0.013951 81.685417 -0.080227 -0.015924 0.996649 0.084345 0.000000 0.000000 0.000000 1.000000
0.997842 0.020428 0.062401 -1.944259 -0.021154 0.999716 0.010996 82.263176 -0.062159 -0.012292 0.997991 0.530795 0.000000 0.000000 0.000000 1.000000
0.999078 0.015679 0.039972 -1.944599 -0.015928 0.999856 0.005916 83.007111 -0.039874 -0.006547 0.999183 1.143136 0.000000 0.000000 0.000000 1.000000
0.999754 0.010017 0.019807 -1.890400 -0.009974 0.999948 -0.002249 83.817673 -0.019828 0.002051 0.999801 1.900576 0.000000 0.000000 0.000000 1.000000
0.999983 0.001881 0.005508 -1.702234 -0.001772 0.999801 -0.019868 84.779884 -0.005545 0.019858 0.999787 2.928702 0.000000 0.000000 0.000000 1.000000
0.999962 -0.008157 0.003080 -1.417488 0.008287 0.998953 -0.044996 85.551163 -0.002710 0.045020 0.998982 3.897100 0.000000 0.000000 0.000000 1.000000
0.999780 -0.020664 0.003495 -1.124117 0.020865 0.997096 -0.073247 86.088005 -0.001972 0.073304 0.997308 4.787183 0.000000 0.000000 0.000000 1.000000
0.999415 -0.034188 -0.000571 -0.866891 0.033946 0.994073 -0.103279 86.353485 0.004098 0.103199 0.994652 5.669755 0.000000 0.000000 0.000000 1.000000
0.998930 -0.044640 -0.012118 -0.591988 0.042580 0.989777 -0.136119 86.292274 0.018071 0.135457 0.990618 6.678400 0.000000 0.000000 0.000000 1.000000
0.998430 -0.047425 -0.029810 -0.178277 0.041683 0.984526 -0.170209 85.912605 0.037420 0.168699 0.984957 7.823959 0.000000 0.000000 0.000000 1.000000
0.998069 -0.043693 -0.044159 0.429753 0.033892 0.978720 -0.202381 85.347366 0.052062 0.200493 0.978311 8.891057 0.000000 0.000000 0.000000 1.000000
0.998102 -0.042676 -0.044406 1.209479 0.031162 0.971846 -0.233549 84.711296 0.053122 0.231721 0.971331 9.783112 0.000000 0.000000 0.000000 1.000000
0.998168 -0.051855 -0.031170 2.137374 0.041726 0.963076 -0.265975 83.924171 0.043811 0.264187 0.963476 10.581938 0.000000 0.000000 0.000000 1.000000
0.997779 -0.064630 -0.016115 3.168953 0.057105 0.954554 -0.292516 82.789291 0.034288 0.290946 0.956125 11.239699 0.000000 0.000000 0.000000 1.000000
0.997553 -0.069105 -0.010587 4.188465 0.062624 0.950585 -0.304082 81.352898 0.031077 0.302675 0.952587 11.634191 0.000000 0.000000 0.000000 1.000000
0.997788 -0.064322 -0.016772 5.115826 0.056120 0.950366 -0.306031 79.964920 0.035624 0.304413 0.951874 11.838587 0.000000 0.000000 0.000000 1.000000
0.998010 -0.056747 -0.027488 5.872863 0.045409 0.949296 -0.311087 78.914017 0.043747 0.309220 0.949984 11.930137 0.000000 0.000000 0.000000 1.000000
0.998325 -0.046238 -0.034782 6.419936 0.032464 0.945237 -0.324767 78.109138 0.047893 0.323094 0.945154 11.757186 0.000000 0.000000 0.000000 1.000000
0.998507 -0.035107 -0.041854 7.148159 0.017771 0.933231 -0.358838 77.082077 0.051658 0.357559 0.932461 11.060447 0.000000 0.000000 0.000000 1.000000
0.996831 -0.060075 -0.052152 7.867112 0.034401 0.916601 -0.398320 76.709869 0.071732 0.395263 0.915763 10.711291 0.000000 0.000000 0.000000 1.000000
0.995233 -0.081467 -0.053608 8.083826 0.051353 0.905096 -0.422094 76.648094 0.082907 0.417329 0.904966 10.522655 0.000000 0.000000 0.000000 1.000000
0.994261 -0.094554 -0.050039 8.125282 0.062721 0.894151 -0.443352 76.553352 0.086663 0.437669 0.894950 10.177821 0.000000 0.000000 0.000000 1.000000
0.993430 -0.104249 -0.047204 8.189594 0.070420 0.882026 -0.465909 76.664459 0.090206 0.459524 0.883572 9.837164 0.000000 0.000000 0.000000 1.000000
0.992360 -0.114170 -0.046772 8.354480 0.076587 0.867237 -0.491970 77.087898 0.096731 0.484629 0.869355 9.564152 0.000000 0.000000 0.000000 1.000000
0.991461 -0.122891 -0.043615 8.510115 0.082722 0.851277 -0.518155 77.493034 0.100805 0.510123 0.854174 9.269023 0.000000 0.000000 0.000000 1.000000
0.991021 -0.129530 -0.033152 8.523367 0.091570 0.838192 -0.537633 77.471962 0.097427 0.529770 0.842527 8.958633 0.000000 0.000000 0.000000 1.000000
0.990792 -0.134081 -0.018802 8.392960 0.102195 0.831703 -0.545735 77.029007 0.088811 0.538788 0.837747 8.745308 0.000000 0.000000 0.000000 1.000000
0.990660 -0.136004 -0.009791 8.207089 0.108694 0.831004 -0.545544 76.553734 0.082332 0.539384 0.838025 8.682062 0.000000 0.000000 0.000000 1.000000
0.990862 -0.134470 -0.010473 8.028333 0.107163 0.832033 -0.544277 76.374626 0.081902 0.538181 0.838840 8.729700 0.000000 0.000000 0.000000 1.000000
0.991443 -0.129930 -0.012587 7.855869 0.102133 0.832142 -0.545077 76.493629 0.081296 0.539127 0.838292 8.815054 0.000000 0.000000 0.000000 1.000000
0.992109 -0.125262 -0.005346 7.659421 0.101893 0.830398 -0.547775 76.702019 0.073054 0.542908 0.836609 8.866922 0.000000 0.000000 0.000000 1.000000
0.992350 -0.123108 0.009239 7.449328 0.107775 0.827382 -0.551202 76.794304 0.060213 0.547981 0.834321 8.881784 0.000000 0.000000 0.000000 1.000000
0.992228 -0.122546 0.021571 7.280721 0.114013 0.825955 -0.552086 76.620377 0.049839 0.550255 0.833508 8.920494 0.000000 0.000000 0.000000 1.000000
0.992177 -0.121648 0.028031 7.180854 0.117054 0.828528 -0.547576 76.094322 0.043387 0.546573 0.836286 9.003094 0.000000 0.000000 0.000000 1.000000
0.992126 -0.120969 0.032457 7.127048 0.119329 0.834230 -0.538350 75.278572 0.038047 0.537983 0.842096 9.082838 0.000000 0.000000 0.000000 1.000000
0.991771 -0.122021 0.038759 7.093156 0.124009 0.840291 -0.527763 74.398048 0.031829 0.528226 0.848507 9.125461 0.000000 0.000000 0.000000 1.000000
0.991060 -0.124693 0.047445 7.072770 0.131101 0.844262 -0.519648 73.674866 0.024741 0.521223 0.853062 9.112133 0.000000 0.000000 0.000000 1.000000
0.990103 -0.127829 0.057926 7.067255 0.139308 0.845177 -0.516012 73.185204 0.017004 0.518975 0.854620 9.001099 0.000000 0.000000 0.000000 1.000000
0.989003 -0.130845 0.068945 7.076640 0.147605 0.843894 -0.515806 72.934357 0.009308 0.520310 0.853927 8.778688 0.000000 0.000000 0.000000 1.000000
0.987848 -0.134021 0.078707 7.101721 0.155395 0.841967 -0.516667 72.933907 0.002976 0.522619 0.852561 8.496931 0.000000 0.000000 0.000000 1.000000
0.986600 -0.137606 0.087668 7.147747 0.163138 0.840780 -0.516213 73.135185 -0.002675 0.523597 0.851962 8.219683 0.000000 0.000000 0.000000 1.000000
0.985353 -0.140858 0.096119 7.201840 0.170298 0.842032 -0.511840 73.470001 -0.008839 0.520711 0.853687 7.970723 0.000000 0.000000 0.000000 1.000000
0.984447 -0.143189 0.101786 7.217170 0.175100 0.846783 -0.502293 73.947083 -0.014268 0.512304 0.858686 7.728394 0.000000 0.000000 0.000000 1.000000
0.983857 -0.144748 0.105228 7.155066 0.177951 0.853522 -0.489728 74.566673 -0.018927 0.500548 0.865502 7.437678 0.000000 0.000000 0.000000 1.000000
0.983510 -0.144393 0.108894 7.012096 0.179125 0.860742 -0.476485 75.257484 -0.024929 0.488134 0.872413 7.059433 0.000000 0.000000 0.000000 1.000000
0.984046 -0.139521 0.110393 6.784929 0.175058 0.870026 -0.460879 75.987175 -0.031743 0.472852 0.880570 6.627280 0.000000 0.000000 0.000000 1.000000
0.986039 -0.128522 0.105869 6.449760 0.162344 0.883391 -0.439620 76.816330 -0.037023 0.450670 0.891923 6.243185 0.000000 0.000000 0.000000 1.000000
0.989184 -0.113502 0.092911 5.992145 0.141909 0.900786 -0.410422 77.850784 -0.037110 0.419167 0.907150 6.025732 0.000000 0.000000 0.000000 1.000000
0.992730 -0.097964 0.069923 5.451708 0.117135 0.919933 -0.374168 79.120262 -0.027670 0.379639 0.924721 5.965364 0.000000 0.000000 0.000000 1.000000
0.995668 -0.082930 0.042050 4.924836 0.092264 0.937259 -0.336205 80.447998 -0.011530 0.338628 0.940850 5.884645 0.000000 0.000000 0.000000 1.000000
0.997346 -0.070949 0.016341 4.472440 0.072596 0.952055 -0.297187 81.612122 0.005527 0.297585 0.954679 5.708478 0.000000 0.000000 0.000000 1.000000
0.997936 -0.063703 -0.008159 4.031922 0.059611 0.966033 -0.251449 82.493881 0.023900 0.250443 0.967836 5.489527 0.000000 0.000000 0.000000 1.000000
0.997915 -0.055906 -0.032249 3.506332 0.048339 0.978498 -0.200511 82.982605 0.042766 0.198534 0.979161 5.117710 0.000000 0.000000 0.000000 1.000000
0.997657 -0.043503 -0.052802 2.900089 0.035162 0.988102 -0.149726 83.091354 0.058688 0.147518 0.987317 4.514317 0.000000 0.000000 0.000000 1.000000
0.997031 -0.029083 -0.071291 2.273313 0.021973 0.994887 -0.098571 83.074409 0.073794 0.096712 0.992573 3.859066 0.000000 0.000000 0.000000 1.000000
0.995950 -0.014931 -0.088657 1.672682 0.010579 0.998725 -0.049357 83.172539 0.089281 0.048219 0.994839 3.266802 0.000000 0.000000 0.000000 1.000000
0.994785 -0.002118 -0.101970 1.143492 0.001012 0.999940 -0.010901 83.454330 0.101987 0.010741 0.994728 2.693505 0.000000 0.000000 0.000000 1.000000
0.993681 0.008286 -0.111939 0.709059 -0.007049 0.999910 0.011448 83.916328 0.112024 -0.010586 0.993649 2.177438 0.000000 0.000000 0.000000 1.000000
0.992675 0.016271 -0.119715 0.364553 -0.013825 0.999679 0.021236 84.546219 0.120023 -0.019426 0.992581 1.812062 0.000000 0.000000 0.000000 1.000000
0.992002 0.021188 -0.124429 0.082859 -0.018181 0.999516 0.025252 85.322472 0.124904 -0.022788 0.991907 1.558796 0.000000 0.000000 0.000000 1.000000
0.991546 0.024094 -0.127501 -0.159960 -0.020864 0.999428 0.026614 86.169983 0.128069 -0.023729 0.991481 1.335690 0.000000 0.000000 0.000000 1.000000
0.991182 0.027066 -0.129715 -0.368510 -0.023880 0.999375 0.026049 86.979950 0.130339 -0.022722 0.991209 1.136254 0.000000 0.000000 0.000000 1.000000
0.991217 0.029429 -0.128931 -0.535281 -0.026320 0.999322 0.025746 87.646706 0.129601 -0.022126 0.991319 0.974774 0.000000 0.000000 0.000000 1.000000
0.991845 0.030805 -0.123669 -0.653090 -0.027515 0.999223 0.028224 88.076096 0.124442 -0.024591 0.991922 0.857349 0.000000 0.000000 0.000000 1.000000
0.992807 0.033637 -0.114900 -0.699618 -0.029935 0.998980 0.033798 88.198463 0.115920 -0.030115 0.992802 0.797218 0.000000 0.000000 0.000000 1.000000
0.993770 0.039012 -0.104397 -0.653797 -0.034910 0.998556 0.040837 88.007965 0.105839 -0.036938 0.993697 0.783953 0.000000 0.000000 0.000000 1.000000
0.994697 0.044337 -0.092800 -0.553538 -0.040004 0.998044 0.048040 87.552620 0.094749 -0.044073 0.994525 0.811645 0.000000 0.000000 0.000000 1.000000
0.995581 0.047642 -0.080928 -0.427938 -0.043268 0.997550 0.054968 86.802353 0.083348 -0.051224 0.995203 0.947681 0.000000 0.000000 0.000000 1.000000
0.996344 0.048810 -0.070118 -0.278103 -0.044587 0.997167 0.060579 85.775513 0.072877 -0.057232 0.995698 1.212349 0.000000 0.000000 0.000000 1.000000
0.996992 0.048312 -0.060597 -0.084598 -0.044393 0.996935 0.064425 84.578499 0.063524 -0.061541 0.996081 1.517436 0.000000 0.000000 0.000000 1.000000
0.997427 0.046790 -0.054313 0.110447 -0.043022 0.996717 0.068582 83.361359 0.057344 -0.066069 0.996166 1.826990 0.000000 0.000000 0.000000 1.000000
0.997334 0.047196 -0.055651 0.266671 -0.043028 0.996341 0.073848 82.242165 0.058933 -0.071257 0.995716 2.171679 0.000000 0.000000 0.000000 1.000000
0.996696 0.050518 -0.063607 0.387899 -0.045540 0.995959 0.077410 81.391426 0.067260 -0.074257 0.994968 2.508567 0.000000 0.000000 0.000000 1.000000
0.996159 0.053270 -0.069488 0.482442 -0.047835 0.995831 0.077664 81.002426 0.073336 -0.074042 0.994555 2.768224 0.000000 0.000000 0.000000 1.000000
0.996341 0.052930 -0.067107 0.544036 -0.047865 0.996037 0.074963 81.035889 0.070809 -0.071477 0.994926 2.932263 0.000000 0.000000 0.000000 1.000000
0.997001 0.049928 -0.059136 0.565396 -0.045818 0.996569 0.068922 81.216904 0.062374 -0.066006 0.995868 2.994370 0.000000 0.000000 0.000000 1.000000
0.997700 0.044643 -0.051016 0.543495 -0.041569 0.997345 0.059798 81.458763 0.053551 -0.057540 0.996906 2.947178 0.000000 0.000000 0.000000 1.000000
0.998013 0.041643 -0.047290 0.491604 -0.039031 0.997730 0.054884 81.740402 0.049468 -0.052929 0.997372 2.797348 0.000000 0.000000 0.000000 1.000000
0.998310 0.038322 -0.043684 0.418119 -0.036143 0.998114 0.049624 82.057587 0.045503 -0.047962 0.997812 2.559516 0.000000 0.000000 0.000000 1.000000
0.998598 0.034810 -0.039878 0.330226 -0.033048 0.998483 0.044033 82.391998 0.041350 -0.042653 0.998234 2.243253 0.000000 0.000000 0.000000 1.000000
0.998875 0.031243 -0.035664 0.228040 -0.029876 0.998822 0.038238 82.716515 0.036817 -0.037130 0.998632 1.855108 0.000000 0.000000 0.000000 1.000000
0.999136 0.027708 -0.030987 0.122549 -0.026701 0.999117 0.032433 82.910507 0.031858 -0.031577 0.998993 1.453015 0.000000 0.000000 0.000000 1.000000
0.999367 0.024303 -0.025979 0.032337 -0.023605 0.999361 0.026857 83.027451 0.026615 -0.026226 0.999302 1.109927 0.000000 0.000000 0.000000 1.000000
0.999557 0.021180 -0.020911 -0.013587 -0.020725 0.999549 0.021730 83.090179 0.021362 -0.021287 0.999545 0.943056 0.000000 0.000000 0.000000 1.000000
0.999698 0.018553 -0.016118 -0.021282 -0.018275 0.999685 0.017214 83.106934 0.016432 -0.016914 0.999722 0.929217 0.000000 0.000000 0.000000 1.000000
0.999791 0.016621 -0.011876 -0.027306 -0.016462 0.999775 0.013377 83.093079 0.012096 -0.013178 0.999840 0.916813 0.000000 0.000000 0.000000 1.000000
0.999843 0.015569 -0.008510 -0.031482 -0.015480 0.999826 0.010399 83.076614 0.008670 -0.010266 0.999910 0.905338 0.000000 0.000000 0.000000 1.000000
0.999863 0.015339 -0.006219 -0.034165 -0.015286 0.999847 0.008460 83.061829 0.006348 -0.008364 0.999945 0.894735 0.000000 0.000000 0.000000 1.000000
0.999869 0.015488 -0.004716 -0.036225 -0.015453 0.999854 0.007311 83.048828 0.004829 -0.007238 0.999962 0.885088 0.000000 0.000000 0.000000 1.000000
0.999868 0.015827 -0.003618 -0.037737 -0.015803 0.999854 0.006554 83.037453 0.003721 -0.006496 0.999972 0.876541 0.000000 0.000000 0.000000 1.000000
0.999865 0.016223 -0.002664 -0.038762 -0.016207 0.999851 0.005926 83.027603 0.002760 -0.005882 0.999979 0.869191 0.000000 0.000000 0.000000 1.000000
0.999859 0.016673 -0.001893 -0.039295 -0.016663 0.999846 0.005459 83.019318 0.001984 -0.005426 0.999983 0.863075 0.000000 0.000000 0.000000 1.000000
0.999853 0.017112 -0.001211 -0.039442 -0.017106 0.999841 0.005071 83.012619 0.001298 -0.005050 0.999986 0.858273 0.000000 0.000000 0.000000 1.000000
0.999845 0.017612 -0.000564 -0.038920 -0.017609 0.999834 0.004726 83.007462 0.000647 -0.004715 0.999989 0.854827 0.000000 0.000000 0.000000 1.000000
0.999837 0.018038 -0.000072 -0.038183 -0.018038 0.999827 0.004474 83.004219 0.000152 -0.004472 0.999990 0.852745 0.000000 0.000000 0.000000 1.000000
0.999834 0.018217 0.000124 -0.037851 -0.018217 0.999824 0.004402 83.003014 -0.000044 -0.004403 0.999990 0.852249 0.000000 0.000000 0.000000 1.000000</float_array>
        <technique_common>
          <accessor source="#mixamorig_Hips-Matrix-animation-output-transform-array" count="141" stride="16">
            <param type="float4x4"/>
          </accessor>
        </technique_common>
      </source>
      <source id="mixamorig_Hips-Interpolations">
        <Name_array id="mixamorig_Hips-Interpolations-array" count="141">
 LINEAR LINEAR LINEAR LINEAR LINEAR LINEAR LINEAR LINEAR LINEAR LINEAR LINEAR
LINEAR LINEAR LINEAR LINEAR LINEAR LINEAR LINEAR LINEAR LINEAR LINEAR LINEAR LINEAR
LINEAR LINEAR LINEAR LINEAR LINEAR LINEAR LINEAR LINEAR LINEAR LINEAR LINEAR LINEAR
LINEAR LINEAR LINEAR LINEAR LINEAR LINEAR LINEAR LINEAR LINEAR LINEAR LINEAR LINEAR
LINEAR LINEAR LINEAR LINEAR LINEAR LINEAR LINEAR LINEAR LINEAR LINEAR LINEAR LINEAR
LINEAR LINEAR LINEAR LINEAR LINEAR LINEAR LINEAR LINEAR LINEAR LINEAR LINEAR LINEAR
LINEAR LINEAR LINEAR LINEAR LINEAR LINEAR LINEAR LINEAR LINEAR LINEAR LINEAR LINEAR
LINEAR LINEAR LINEAR LINEAR LINEAR LINEAR LINEAR LINEAR LINEAR LINEAR LINEAR LINEAR
LINEAR LINEAR LINEAR LINEAR LINEAR LINEAR LINEAR LINEAR LINEAR LINEAR LINEAR LINEAR
LINEAR LINEAR LINEAR LINEAR LINEAR LINEAR LINEAR LINEAR LINEAR LINEAR LINEAR LINEAR
LINEAR LINEAR LINEAR LINEAR LINEAR LINEAR LINEAR LINEAR LINEAR LINEAR LINEAR LINEAR
LINEAR LINEAR LINEAR LINEAR LINEAR LINEAR LINEAR LINEAR LINEAR LINEAR</Name_array>
        <technique_common>
          <accessor source="#mixamorig_Hips-Interpolations-array" count="141">
            <param type="name"/>
          </accessor>
        </technique_common>
      </source>
      <sampler id="mixamorig_Hips-Matrix-animation-transform">
        <input semantic="INPUT" source="#mixamorig_Hips-Matrix-animation-input"/>
        <input semantic="OUTPUT" source="#mixamorig_Hips-Matrix-animation-output-transform"/>
        <input semantic="INTERPOLATION" source="#mixamorig_Hips-Interpolations"/>
      </sampler>
      <channel source="#mixamorig_Hips-Matrix-animation-transform" target="mixamorig_Hips/matrix"/>
    </animation>
    <animation id="mixamorig_Spine-anim" name="mixamorig_Spine">
      <source id="mixamorig_Spine-Matrix-animation-input">
        <float_array id="mixamorig_Spine-Matrix-animation-input-array" count="141">

0.000000 0.033333 0.066667 0.100000 0.133333 0.166667 0.200000 0.233333 0.266667 0.300000 0.333333 0.366667 0.400000 0.433333 0.466667 0.500000
0.533333 0.566667 0.600000 0.633333 0.666667 0.700000 0.733333 0.766667 0.800000 0.833333 0.866667 0.900000 0.933333 0.966667 1.000000 1.033333
1.066667 1.100000 1.133333 1.166667 1.200000 1.233333 1.266667 1.300000 1.333333 1.366667 1.400000 1.433333 1.466667 1.500000 1.533333 1.566667
1.600000 1.633333 1.666667 1.700000 1.733333 1.766667 1.800000 1.833333 1.866667 1.900000 1.933333 1.966667 2.000000 2.033333 2.066667 2.100000
2.133333 2.166667 2.200000 2.233333 2.266667 2.300000 2.333333 2.366667 2.400000 2.433333 2.466667 2.500000 2.533333 2.566667 2.600000 2.633333
2.666667 2.700000 2.733333 2.766667 2.800000 2.833333 2.866667 2.900000 2.933333 2.966667 3.000000 3.033333 3.066667 3.100000 3.133333 3.166667
3.200000 3.233333 3.266667 3.300000 3.333333 3.366667 3.400000 3.433333 3.466667 3.500000 3.533333 3.566667 3.600000 3.633333 3.666667 3.700000
3.733333 3.766667 3.800000 3.833333 3.866667 3.900000 3.933333 3.966667 4.000000 4.033333 4.066667 4.100000 4.133333 4.166667 4.200000 4.233333
4.266667 4.300000 4.333333 4.366667 4.400000 4.433333 4.466667 4.500000 4.533333 4.566667 4.600000 4.633333 4.666667</float_array>
        <technique_common>
          <accessor source="#mixamorig_Spine-Matrix-animation-input-array" count="141">
            <param name="TIME" type="float"/>
          </accessor>
        </technique_common>
      </source>
      <source id="mixamorig_Spine-Matrix-animation-output-transform">
        <float_array id="mixamorig_Spine-Matrix-animation-output-transform-array" count="2256">

0.999975 -0.006057 0.003604 -0.000000 0.006634 0.981591 -0.190882 13.663900 -0.002382 0.190901 0.981606 -1.184000 0.000000 0.000000 0.000000 1.000000
0.999975 -0.006070 0.003611 0.000000 0.006647 0.981590 -0.190883 13.663900 -0.002386 0.190902 0.981606 -1.184000 0.000000 0.000000 0.000000 1.000000
0.999975 -0.006083 0.003617 0.000000 0.006662 0.981590 -0.190883 13.663900 -0.002389 0.190902 0.981606 -1.184000 0.000000 0.000000 0.000000 1.000000
0.999975 -0.006093 0.003623 0.000000 0.006673 0.981590 -0.190882 13.663900 -0.002393 0.190902 0.981606 -1.184000 0.000000 0.000000 0.000000 1.000000
0.999976 -0.005984 0.003603 0.000000 0.006562 0.981591 -0.190883 13.663900 -0.002394 0.190902 0.981606 -1.184000 0.000000 0.000000 0.000000 1.000000
0.999976 -0.005852 0.003610 -0.000000 0.006433 0.981592 -0.190883 13.663900 -0.002426 0.190902 0.981606 -1.184000 0.000000 0.000000 0.000000 1.000000
0.999977 -0.005694 0.003608 -0.000000 0.006278 0.981593 -0.190883 13.663900 -0.002455 0.190902 0.981606 -1.184000 0.000000 0.000000 0.000000 1.000000
0.999978 -0.005491 0.003613 -0.000000 0.006079 0.981594 -0.190884 13.663900 -0.002498 0.190902 0.981606 -1.184000 0.000000 0.000000 0.000000 1.000000
0.999981 -0.005084 0.003615 0.000000 0.005679 0.981673 -0.190487 13.663900 -0.002581 0.190504 0.981683 -1.184000 0.000000 0.000000 0.000000 1.000000
0.999985 -0.004159 0.003650 0.000000 0.004775 0.981909 -0.189295 13.663900 -0.002797 0.189310 0.981913 -1.184000 0.000000 0.000000 0.000000 1.000000
0.999989 -0.002655 0.003883 0.000000 0.003335 0.982302 -0.187274 13.663900 -0.003317 0.187285 0.982300 -1.184000 0.000000 0.000000 0.000000 1.000000
0.999989 -0.000967 0.004679 0.000000 0.001815 0.982783 -0.184752 13.663900 -0.004420 0.184759 0.982774 -1.184000 0.000000 0.000000 0.000000 1.000000
0.999983 0.000501 0.005776 -0.000000 0.000560 0.983276 -0.182120 13.663900 -0.005770 0.182120 0.983259 -1.184000 0.000000 0.000000 0.000000 1.000000
0.999977 0.001604 0.006565 0.000000 -0.000397 0.983709 -0.179767 13.663900 -0.006746 0.179760 0.983687 -1.184000 0.000000 0.000000 0.000000 1.000000
0.999974 0.002281 0.006785 0.000000 -0.001034 0.983960 -0.178385 13.663900 -0.007083 0.178373 0.983937 -1.184000 0.000000 0.000000 0.000000 1.000000
0.999975 0.002424 0.006711 -0.000000 -0.001188 0.983963 -0.178371 13.663900 -0.007035 0.178358 0.983940 -1.184000 0.000000 0.000000 0.000000 1.000000
0.999976 0.002128 0.006668 -0.000000 -0.000896 0.983743 -0.179578 13.663900 -0.006941 0.179568 0.983721 -1.184000 0.000000 0.000000 0.000000 1.000000
0.999975 0.001641 0.006870 -0.000000 -0.000364 0.983298 -0.182004 13.663900 -0.007054 0.181997 0.983274 -1.184000 0.000000 0.000000 0.000000 1.000000
0.999972 0.001379 0.007325 0.000000 0.000005 0.982614 -0.185661 13.663900 -0.007454 0.185656 0.982587 -1.184000 0.000000 0.000000 0.000000 1.000000
0.999969 0.001349 0.007745 0.000000 0.000147 0.981767 -0.190087 13.663900 -0.007860 0.190083 0.981737 -1.184000 0.000000 0.000000 0.000000 1.000000
0.999968 0.001287 0.007921 0.000000 0.000278 0.980905 -0.194488 13.663900 -0.008020 0.194484 0.980873 -1.184000 0.000000 0.000000 0.000000 1.000000
0.999967 0.001192 0.007979 -0.000000 0.000415 0.980119 -0.198409 13.663900 -0.008057 0.198406 0.980087 -1.184000 0.000000 0.000000 0.000000 1.000000
0.999967 0.001096 0.007990 0.000000 0.000539 0.979407 -0.201895 13.663900 -0.008046 0.201893 0.979375 -1.184000 0.000000 0.000000 0.000000 1.000000
0.999968 0.001078 0.007970 0.000000 0.000578 0.978780 -0.204913 13.663900 -0.008022 0.204911 0.978748 -1.184000 0.000000 0.000000 0.000000 1.000000
0.999968 0.001228 0.007936 0.000000 0.000442 0.978336 -0.207023 13.663900 -0.008018 0.207020 0.978304 -1.184000 0.000000 0.000000 0.000000 1.000000
0.999968 0.001520 0.007876 0.000000 0.000149 0.978182 -0.207748 13.663900 -0.008020 0.207742 0.978151 -1.184000 0.000000 0.000000 0.000000 1.000000
0.999968 0.001774 0.007852 0.000000 -0.000111 0.978364 -0.206891 13.663900 -0.008049 0.206883 0.978333 -1.184000 0.000000 0.000000 0.000000 1.000000
0.999966 0.001720 0.008028 0.000000 -0.000040 0.978823 -0.204706 13.663900 -0.008210 0.204699 0.978790 -1.184000 0.000000 0.000000 0.000000 1.000000
0.999964 0.001263 0.008427 0.000000 0.000460 0.979501 -0.201441 13.663900 -0.008508 0.201438 0.979464 -1.184000 0.000000 0.000000 0.000000 1.000000
0.999960 0.000791 0.008855 0.000000 0.000973 0.980308 -0.197471 13.663900 -0.008837 0.197472 0.980269 -1.184000 0.000000 0.000000 0.000000 1.000000
0.999959 0.000750 0.008978 0.000000 0.001000 0.981143 -0.193279 13.663900 -0.008954 0.193280 0.981103 -1.184000 0.000000 0.000000 0.000000 1.000000
0.999960 0.001007 0.008914 0.000000 0.000697 0.981965 -0.189064 13.663900 -0.008943 0.189062 0.981924 -1.184000 0.000000 0.000000 0.000000 1.000000
0.999960 0.001090 0.008863 0.000000 0.000565 0.982793 -0.184707 13.663900 -0.008912 0.184705 0.982754 -1.184000 0.000000 0.000000 0.000000 1.000000
0.999960 0.001010 0.008847 0.000000 0.000601 0.983625 -0.180226 13.663900 -0.008884 0.180224 0.983585 -1.184000 0.000000 0.000000 0.000000 1.000000
0.999960 0.001135 0.008829 -0.000000 0.000445 0.984233 -0.176879 13.663900 -0.008890 0.176876 0.984193 -1.184000 0.000000 0.000000 0.000000 1.000000
0.999957 0.001627 0.009086 0.000000 0.000032 0.983737 -0.179614 13.663900 -0.009231 0.179607 0.983695 -1.184000 0.000000 0.000000 0.000000 1.000000
0.999952 0.002076 0.009571 0.000000 -0.000244 0.982263 -0.187508 13.663900 -0.009791 0.187496 0.982216 -1.184000 0.000000 0.000000 0.000000 1.000000
0.999952 0.002108 0.009603 0.000000 -0.000158 0.980064 -0.198684 13.663900 -0.009830 0.198673 0.980017 -1.184000 0.000000 0.000000 0.000000 1.000000
0.999961 0.001584 0.008653 0.000000 0.000279 0.977458 -0.211128 13.663900 -0.008793 0.211123 0.977420 -1.184000 0.000000 0.000000 0.000000 1.000000
0.999975 0.000391 0.007024 0.000000 0.001181 0.974950 -0.222420 13.663900 -0.006935 0.222422 0.974926 -1.184000 0.000000 0.000000 0.000000 1.000000
0.999985 -0.001393 0.005314 0.000000 0.002578 0.973184 -0.230012 13.663900 -0.004851 0.230022 0.973173 -1.184000 0.000000 0.000000 0.000000 1.000000
0.999990 -0.002989 0.003370 0.000000 0.003689 0.972732 -0.231904 13.663900 -0.002585 0.231914 0.972733 -1.184000 0.000000 0.000000 0.000000 1.000000
0.999994 -0.003315 0.001078 0.000000 0.003473 0.973941 -0.226774 13.663900 -0.000299 0.226777 0.973947 -1.184000 0.000000 0.000000 0.000000 1.000000
0.999998 -0.001970 -0.000446 0.000000 0.001827 0.976387 -0.216023 13.663900 0.000861 0.216021 0.976388 -1.184000 0.000000 0.000000 0.000000 1.000000
1.000000 -0.000245 0.000282 0.000000 0.000297 0.979848 -0.199743 13.663900 -0.000227 0.199743 0.979848 -1.184000 0.000000 0.000000 0.000000 1.000000
0.999997 0.000776 0.002515 -0.000000 -0.000314 0.983896 -0.178743 13.663900 -0.002614 0.178742 0.983892 -1.184000 0.000000 0.000000 0.000000 1.000000
0.999989 0.001412 0.004390 0.000000 -0.000714 0.987926 -0.154927 13.663900 -0.004556 0.154922 0.987916 -1.184000 0.000000 0.000000 0.000000 1.000000
0.999983 0.002040 0.005426 -0.000000 -0.001317 0.991510 -0.130026 13.663900 -0.005645 0.130016 0.991496 -1.184000 0.000000 0.000000 0.000000 1.000000
0.999976 0.002902 0.006223 -0.000000 -0.002235 0.994511 -0.104612 13.663900 -0.006492 0.104595 0.994494 -1.184000 0.000000 0.000000 0.000000 1.000000
0.999966 0.003925 0.007241 0.000000 -0.003372 0.997181 -0.074963 13.663900 -0.007514 0.074936 0.997160 -1.184000 0.000000 0.000000 0.000000 1.000000
0.999953 0.004700 0.008493 0.000000 -0.004311 0.998969 -0.045186 13.663900 -0.008697 0.045147 0.998942 -1.184000 0.000000 0.000000 0.000000 1.000000
0.999913 0.007084 0.011100 0.000000 -0.006887 0.999820 -0.017661 13.663900 -0.011223 0.017583 0.999782 -1.184000 0.000000 0.000000 0.000000 1.000000
0.999811 0.012781 0.014653 0.000000 -0.012870 0.999899 0.006005 13.663900 -0.014575 -0.006193 0.999875 -1.184000 0.000000 0.000000 0.000000 1.000000
0.999664 0.019703 0.016847 0.000000 -0.020133 0.999466 0.025754 13.663900 -0.016331 -0.026085 0.999526 -1.184000 0.000000 0.000000 0.000000 1.000000
0.999579 0.023742 0.016700 0.000000 -0.024409 0.998863 0.040940 13.663900 -0.015709 -0.041330 0.999022 -1.184000 0.000000 0.000000 0.000000 1.000000
0.999584 0.024526 0.015155 -0.000000 -0.025268 0.998386 0.050870 13.663900 -0.013883 -0.051232 0.998590 -1.184000 0.000000 0.000000 0.000000 1.000000
0.999601 0.024853 0.013426 -0.000000 -0.025558 0.998146 0.055231 13.663900 -0.012029 -0.055552 0.998383 -1.184000 0.000000 0.000000 0.000000 1.000000
0.999580 0.026291 0.012230 0.000000 -0.026910 0.998202 0.053551 13.663900 -0.010800 -0.053858 0.998490 -1.184000 0.000000 0.000000 0.000000 1.000000
0.999520 0.028332 0.012562 0.000000 -0.028864 0.998597 0.044389 13.663900 -0.011287 -0.044730 0.998935 -1.184000 0.000000 0.000000 0.000000 1.000000
0.999399 0.031250 0.015015 0.000000 -0.031638 0.999152 0.026365 13.663900 -0.014178 -0.026824 0.999540 -1.184000 0.000000 0.000000 0.000000 1.000000
0.999217 0.034771 0.018885 -0.000000 -0.034881 0.999376 0.005540 13.663900 -0.018681 -0.006194 0.999806 -1.184000 0.000000 0.000000 0.000000 1.000000
0.999058 0.037596 0.021671 0.000000 -0.037415 0.999262 -0.008707 13.663900 -0.021982 0.007888 0.999727 -1.184000 0.000000 0.000000 0.000000 1.000000
0.999060 0.038403 0.020118 0.000000 -0.038074 0.999139 -0.016502 13.663900 -0.020735 0.015721 0.999661 -1.184000 0.000000 0.000000 0.000000 1.000000
0.999225 0.037407 0.012271 -0.000000 -0.037056 0.998929 -0.027692 13.663900 -0.013294 0.027216 0.999541 -1.184000 0.000000 0.000000 0.000000 1.000000
0.999081 0.040617 0.013672 -0.000000 -0.040150 0.998655 -0.032803 13.663900 -0.014986 0.032224 0.999368 -1.184000 0.000000 0.000000 0.000000 1.000000
0.998849 0.044503 0.017869 0.000000 -0.043901 0.998497 -0.032817 13.663900 -0.019302 0.031995 0.999302 -1.184000 0.000000 0.000000 0.000000 1.000000
0.998676 0.047764 0.019077 -0.000000 -0.047094 0.998307 -0.034146 13.663900 -0.020676 0.033202 0.999235 -1.184000 0.000000 0.000000 0.000000 1.000000
0.998606 0.049692 0.017796 0.000000 -0.049026 0.998147 -0.036045 13.663900 -0.019554 0.035122 0.999192 -1.184000 0.000000 0.000000 0.000000 1.000000
0.998620 0.049860 0.016521 0.000000 -0.049234 0.998124 -0.036385 13.663900 -0.018304 0.035521 0.999201 -1.184000 0.000000 0.000000 0.000000 1.000000
0.998669 0.049045 0.015971 -0.000000 -0.048451 0.998188 -0.035694 13.663900 -0.017693 0.034872 0.999235 -1.184000 0.000000 0.000000 0.000000 1.000000
0.998675 0.048962 0.015834 -0.000000 -0.048369 0.998185 -0.035868 13.663900 -0.017562 0.035054 0.999231 -1.184000 0.000000 0.000000 0.000000 1.000000
0.998656 0.049306 0.016000 0.000000 -0.048684 0.998124 -0.037126 13.663900 -0.017800 0.036297 0.999182 -1.184000 0.000000 0.000000 0.000000 1.000000
0.998694 0.048507 0.016037 0.000000 -0.047840 0.998069 -0.039630 13.663900 -0.017928 0.038811 0.999086 -1.184000 0.000000 0.000000 0.000000 1.000000
0.998750 0.047663 0.015046 0.000000 -0.046960 0.997924 -0.044068 13.663900 -0.017116 0.043306 0.998915 -1.184000 0.000000 0.000000 0.000000 1.000000
0.998738 0.048395 0.013455 -0.000000 -0.047692 0.997688 -0.048425 13.663900 -0.015768 0.047723 0.998736 -1.184000 0.000000 0.000000 0.000000 1.000000
0.998702 0.049377 0.012522 0.000000 -0.048689 0.997547 -0.050288 13.663900 -0.014974 0.049613 0.998656 -1.184000 0.000000 0.000000 0.000000 1.000000
0.998728 0.048986 0.011923 0.000000 -0.048320 0.997535 -0.050892 13.663900 -0.014387 0.050251 0.998633 -1.184000 0.000000 0.000000 0.000000 1.000000
0.998796 0.047804 0.011033 0.000000 -0.047162 0.997507 -0.052495 13.663900 -0.013515 0.051912 0.998560 -1.184000 0.000000 0.000000 0.000000 1.000000
0.998841 0.046969 0.010532 0.000000 -0.046316 0.997389 -0.055408 13.663900 -0.013107 0.054856 0.998408 -1.184000 0.000000 0.000000 0.000000 1.000000
0.998865 0.046356 0.010992 0.000000 -0.045630 0.997213 -0.059019 13.663900 -0.013697 0.058451 0.998196 -1.184000 0.000000 0.000000 0.000000 1.000000
0.998905 0.045213 0.012032 0.000000 -0.044367 0.997018 -0.063145 13.663900 -0.014851 0.062542 0.997932 -1.184000 0.000000 0.000000 0.000000 1.000000
0.998957 0.043852 0.012737 0.000000 -0.042894 0.996785 -0.067678 13.663900 -0.015664 0.067061 0.997626 -1.184000 0.000000 0.000000 0.000000 1.000000
0.998991 0.043206 0.012220 0.000000 -0.042218 0.996508 -0.072042 13.663900 -0.015290 0.071453 0.997327 -1.184000 0.000000 0.000000 0.000000 1.000000
0.999017 0.043031 0.010602 0.000000 -0.042102 0.996208 -0.076133 13.663900 -0.013838 0.075612 0.997041 -1.184000 0.000000 0.000000 0.000000 1.000000
0.999057 0.042457 0.009104 0.000000 -0.041590 0.995899 -0.080348 13.663900 -0.012478 0.079894 0.996725 -1.184000 0.000000 0.000000 0.000000 1.000000
