<?xml version="1.0" encoding="utf-8"?>
<COLLADA xmlns="http://www.collada.org/2005/11/COLLADASchema" version="1.4.1">
  <asset>
    <contributor>
      <author>Mixamo</author>
      <authoring_tool>COLLADA Mixamo exporter</authoring_tool>
      <comments/>
    </contributor>
    <created>2024-08-19T09:49:30Z</created>
    <modified>2024-08-19T09:49:30Z</modified>
    <revision/>
    <title/>
    <unit meter="0.010000"/>
    <up_axis>Y_UP</up_axis>
  </asset>
  <library_animations>
    <animation id="mixamorig_Hips-anim" name="mixamorig_Hips">
      <source id="mixamorig_Hips-Matrix-animation-input">
        <float_array id="mixamorig_Hips-Matrix-animation-input-array" count="163">

0.000000 0.033333 0.066667 0.100000 0.133333 0.166667 0.200000 0.233333 0.266667 0.300000 0.333333 0.366667 0.400000 0.433333 0.466667 0.500000
0.533333 0.566667 0.600000 0.633333 0.666667 0.700000 0.733333 0.766667 0.800000 0.833333 0.866667 0.900000 0.933333 0.966667 1.000000 1.033333
1.066667 1.100000 1.133333 1.166667 1.200000 1.233333 1.266667 1.300000 1.333333 1.366667 1.400000 1.433333 1.466667 1.500000 1.533333 1.566667
1.600000 1.633333 1.666667 1.700000 1.733333 1.766667 1.800000 1.833333 1.866667 1.900000 1.933333 1.966667 2.000000 2.033333 2.066667 2.100000
2.133333 2.166667 2.200000 2.233333 2.266667 2.300000 2.333333 2.366667 2.400000 2.433333 2.466667 2.500000 2.533333 2.566667 2.600000 2.633333
2.666667 2.700000 2.733333 2.766667 2.800000 2.833333 2.866667 2.900000 2.933333 2.966667 3.000000 3.033333 3.066667 3.100000 3.133333 3.166667
3.200000 3.233333 3.266667 3.300000 3.333333 3.366667 3.400000 3.433333 3.466667 3.500000 3.533333 3.566667 3.600000 3.633333 3.666667 3.700000
3.733333 3.766667 3.800000 3.833333 3.866667 3.900000 3.933333 3.966667 4.000000 4.033333 4.066667 4.100000 4.133333 4.166667 4.200000 4.233333
4.266667 4.300000 4.333333 4.366667 4.400000 4.433333 4.466667 4.500000 4.533333 4.566667 4.600000 4.633333 4.666667 4.700000 4.733333 4.766667
4.800000 4.833333 4.866667 4.900000 4.933333 4.966667 5.000000 5.033333 5.066667 5.100000 5.133333 5.166667 5.200000 5.233333 5.266667 5.300000
5.333333 5.366667 5.400000</float_array>
        <technique_common>
          <accessor source="#mixamorig_Hips-Matrix-animation-input-array" count="163">
            <param name="TIME" type="float"/>
          </accessor>
        </technique_common>
      </source>
      <source id="mixamorig_Hips-Matrix-animation-output-transform">
        <float_array id="mixamorig_Hips-Matrix-animation-output-transform-array" count="2608">

0.999834 0.018217 0.000124 -0.037843 -0.018217 0.999824 0.004402 83.003082 -0.000044 -0.004403 0.999990 0.852250 0.000000 0.000000 0.000000 1.000000
0.999792 0.020330 0.001582 0.235909 -0.020333 0.999792 0.001694 83.027481 -0.001548 -0.001726 0.999997 0.855972 0.000000 0.000000 0.000000 1.000000
0.999758 0.021888 0.002374 0.474185 -0.021888 0.999760 -0.000094 83.056580 -0.002375 0.000042 0.999997 0.876081 0.000000 0.000000 0.000000 1.000000
0.999738 0.022782 0.002291 0.664893 -0.022780 0.999740 -0.000934 83.091919 -0.002312 0.000882 0.999997 0.910236 0.000000 0.000000 0.000000 1.000000
0.999735 0.022996 0.001186 0.807765 -0.022994 0.999735 -0.001388 83.132034 -0.001218 0.001360 0.999998 0.944386 0.000000 0.000000 0.000000 1.000000
0.999744 0.022630 -0.000838 0.912951 -0.022632 0.999741 -0.002296 83.171516 0.000786 0.002314 0.999997 0.960063 0.000000 0.000000 0.000000 1.000000
0.999757 0.021754 -0.003583 0.988242 -0.021768 0.999755 -0.003907 83.202652 0.003497 0.003985 0.999986 0.947045 0.000000 0.000000 0.000000 1.000000
0.999766 0.020562 -0.006656 1.037575 -0.020601 0.999770 -0.005923 83.221069 0.006533 0.006059 0.999960 0.900358 0.000000 0.000000 0.000000 1.000000
0.999769 0.019292 -0.009512 1.072782 -0.019372 0.999777 -0.008407 83.229141 0.009348 0.008590 0.999919 0.811969 0.000000 0.000000 0.000000 1.000000
0.999775 0.017550 -0.011936 1.116740 -0.017697 0.999767 -0.012330 83.234863 0.011717 0.012539 0.999853 0.674482 0.000000 0.000000 0.000000 1.000000
0.999800 0.013882 -0.014365 1.189536 -0.014154 0.999720 -0.018976 83.246880 0.014097 0.019176 0.999717 0.491002 0.000000 0.000000 0.000000 1.000000
0.999826 0.006497 -0.017494 1.293680 -0.006997 0.999565 -0.028641 83.265244 0.017301 0.028759 0.999437 0.274612 0.000000 0.000000 0.000000 1.000000
0.999757 -0.005406 -0.021354 1.416875 0.004551 0.999195 -0.039851 83.272926 0.021552 0.039744 0.998977 0.033383 0.000000 0.000000 0.000000 1.000000
0.999472 -0.021205 -0.024601 1.546585 0.019953 0.998546 -0.050071 83.241325 0.025627 0.049554 0.998443 -0.247013 0.000000 0.000000 0.000000 1.000000
0.998905 -0.039853 -0.024496 1.674373 0.038386 0.997597 -0.057683 83.147705 0.026736 0.056679 0.998034 -0.607402 0.000000 0.000000 0.000000 1.000000
0.997983 -0.060995 -0.017576 1.781564 0.059765 0.996183 -0.063620 82.983635 0.021390 0.062441 0.997819 -1.097243 0.000000 0.000000 0.000000 1.000000
0.996406 -0.084702 -0.000832 1.824812 0.084431 0.993917 -0.070720 82.736481 0.006817 0.070396 0.997496 -1.738332 0.000000 0.000000 0.000000 1.000000
0.993568 -0.110007 0.026843 1.745452 0.111840 0.990447 -0.080661 82.364624 -0.017714 0.083144 0.996380 -2.492263 0.000000 0.000000 0.000000 1.000000
0.988977 -0.133766 0.063485 1.504784 0.139224 0.986053 -0.091188 81.789772 -0.050402 0.099022 0.993808 -3.256524 0.000000 0.000000 0.000000 1.000000
0.982788 -0.152371 0.104452 1.106429 0.162461 0.982030 -0.096044 80.979912 -0.087941 0.111360 0.989881 -3.907922 0.000000 0.000000 0.000000 1.000000
0.975724 -0.164448 0.144637 0.581447 0.178233 0.980037 -0.088097 79.954597 -0.127262 0.111737 0.985555 -4.327224 0.000000 0.000000 0.000000 1.000000
0.968522 -0.171454 0.180468 -0.050963 0.185255 0.980702 -0.062492 78.764168 -0.166271 0.093957 0.981594 -4.386870 0.000000 0.000000 0.000000 1.000000
0.961567 -0.176343 0.210456 -0.753425 0.184120 0.982743 -0.017788 77.528023 -0.203687 0.055854 0.977441 -3.965232 0.000000 0.000000 0.000000 1.000000
0.954422 -0.183892 0.235078 -1.535529 0.178338 0.982946 0.044862 76.717178 -0.239319 -0.000894 0.970941 -3.226195 0.000000 0.000000 0.000000 1.000000
0.948389 -0.190984 0.253147 -2.167047 0.165406 0.979027 0.118942 76.302399 -0.270554 -0.070932 0.960088 -2.225177 0.000000 0.000000 0.000000 1.000000
0.943192 -0.199726 0.265514 -2.784256 0.150523 0.969300 0.194424 76.433182 -0.296194 -0.143414 0.944299 -1.177661 0.000000 0.000000 0.000000 1.000000
0.938813 -0.209749 0.273194 -3.356389 0.137161 0.955254 0.262064 76.890900 -0.315937 -0.208557 0.925574 -0.065622 0.000000 0.000000 0.000000 1.000000
0.934437 -0.222024 0.278449 -3.843548 0.128352 0.939289 0.318218 77.529678 -0.332196 -0.261615 0.906203 1.144505 0.000000 0.000000 0.000000 1.000000
0.929236 -0.236728 0.283690 -4.256475 0.123942 0.923019 0.364245 78.329765 -0.348078 -0.303309 0.887043 2.431213 0.000000 0.000000 0.000000 1.000000
0.923666 -0.250456 0.290021 -4.616940 0.119627 0.907484 0.402695 79.242104 -0.364047 -0.337261 0.868173 3.781801 0.000000 0.000000 0.000000 1.000000
0.918833 -0.259440 0.297383 -4.970453 0.111684 0.893680 0.434583 80.188034 -0.378514 -0.366096 0.850118 5.194195 0.000000 0.000000 0.000000 1.000000
0.915407 -0.262819 0.304887 -5.356904 0.100398 0.882564 0.459349 81.087479 -0.389808 -0.389881 0.834292 6.649665 0.000000 0.000000 0.000000 1.000000
0.913463 -0.262293 0.311107 -5.758293 0.088936 0.874741 0.476359 81.910103 -0.397084 -0.407468 0.822371 8.096678 0.000000 0.000000 0.000000 1.000000
0.913035 -0.259644 0.314566 -6.132475 0.080213 0.870459 0.485661 82.583755 -0.399916 -0.418193 0.815587 9.516006 0.000000 0.000000 0.000000 1.000000
0.914506 -0.254513 0.314487 -6.433881 0.074181 0.869639 0.488084 83.042114 -0.397714 -0.423027 0.814169 10.908550 0.000000 0.000000 0.000000 1.000000
0.917815 -0.245601 0.311923 -6.646494 0.068602 0.871977 0.484716 83.261765 -0.391037 -0.423480 0.817163 12.266284 0.000000 0.000000 0.000000 1.000000
0.921878 -0.232788 0.309759 -6.785492 0.061452 0.877137 0.476293 83.287064 -0.382576 -0.420049 0.822918 13.572807 0.000000 0.000000 0.000000 1.000000
0.925189 -0.217691 0.310862 -6.874854 0.052658 0.884838 0.462914 83.181725 -0.375835 -0.411914 0.830105 14.832757 0.000000 0.000000 0.000000 1.000000
0.926812 -0.202243 0.316414 -6.907302 0.043513 0.894749 0.444445 83.047913 -0.372997 -0.398149 0.838064 16.067905 0.000000 0.000000 0.000000 1.000000
0.926264 -0.188110 0.326572 -6.830368 0.035756 0.906480 0.420731 82.927872 -0.375175 -0.378032 0.846366 17.295242 0.000000 0.000000 0.000000 1.000000
0.923510 -0.174234 0.341719 -6.577538 0.028963 0.920012 0.390818 82.798141 -0.382480 -0.351027 0.854687 18.476274 0.000000 0.000000 0.000000 1.000000
0.918271 -0.159822 0.362264 -6.198590 0.023931 0.935648 0.352123 82.635864 -0.395229 -0.314675 0.863003 19.507896 0.000000 0.000000 0.000000 1.000000
0.912270 -0.142335 0.384062 -5.678965 0.021697 0.953154 0.301705 82.239685 -0.409013 -0.266904 0.872623 20.419367 0.000000 0.000000 0.000000 1.000000
0.910358 -0.121251 0.395660 -5.033211 0.024976 0.970467 0.239937 81.411545 -0.413068 -0.208547 0.886500 21.301798 0.000000 0.000000 0.000000 1.000000
0.918315 -0.097684 0.383609 -4.173559 0.032550 0.984426 0.172759 80.008163 -0.394510 -0.146161 0.907193 22.260405 0.000000 0.000000 0.000000 1.000000
0.933640 -0.082301 0.348630 -3.199405 0.046762 0.992923 0.109169 78.467026 -0.355148 -0.085622 0.930881 23.008390 0.000000 0.000000 0.000000 1.000000
0.947581 -0.081711 0.308890 -2.230222 0.068334 0.996205 0.053900 76.941139 -0.312122 -0.029967 0.949569 23.470108 0.000000 0.000000 0.000000 1.000000
0.954671 -0.087506 0.284510 -1.230573 0.089410 0.995975 0.006314 75.264153 -0.283918 0.019410 0.958652 23.921888 0.000000 0.000000 0.000000 1.000000
0.955686 -0.092412 0.279508 -0.284245 0.105998 0.993790 -0.033855 74.056511 -0.274643 0.061982 0.959546 24.206724 0.000000 0.000000 0.000000 1.000000
0.954794 -0.094059 0.281994 0.514526 0.118324 0.990487 -0.070255 73.668976 -0.272703 0.100446 0.956840 24.368755 0.000000 0.000000 0.000000 1.000000
0.956188 -0.094710 0.277009 1.173517 0.128606 0.985924 -0.106837 73.887848 -0.262991 0.137781 0.954909 24.496979 0.000000 0.000000 0.000000 1.000000
0.960396 -0.097933 0.260861 1.764692 0.139075 0.979725 -0.144214 74.323608 -0.241449 0.174782 0.954544 24.621252 0.000000 0.000000 0.000000 1.000000
0.965542 -0.104185 0.238484 2.356428 0.149093 0.972530 -0.178765 74.615906 -0.213308 0.208161 0.954552 24.705872 0.000000 0.000000 0.000000 1.000000
0.970693 -0.111226 0.213033 3.022949 0.155860 0.966108 -0.205773 74.659332 -0.182925 0.232946 0.955131 24.787521 0.000000 0.000000 0.000000 1.000000
0.976224 -0.118771 0.181327 3.746823 0.158524 0.961721 -0.223524 74.454491 -0.147838 0.246954 0.957683 24.878363 0.000000 0.000000 0.000000 1.000000
0.981598 -0.129036 0.140768 4.481389 0.159671 0.958940 -0.234392 74.112488 -0.104743 0.252555 0.961897 24.971891 0.000000 0.000000 0.000000 1.000000
0.985123 -0.143390 0.094718 5.188733 0.162528 0.956451 -0.242457 73.733177 -0.055827 0.254244 0.965527 25.063828 0.000000 0.000000 0.000000 1.000000
0.985779 -0.160454 0.049934 5.868620 0.167877 0.953574 -0.250027 73.348007 -0.007498 0.254855 0.966950 25.171139 0.000000 0.000000 0.000000 1.000000
0.984081 -0.177451 0.009769 6.474721 0.173980 0.950698 -0.256718 73.024269 0.036267 0.254331 0.966437 25.259272 0.000000 0.000000 0.000000 1.000000
0.980941 -0.192432 -0.026904 6.985608 0.178920 0.948573 -0.261147 72.789749 0.075773 0.251356 0.964924 25.319616 0.000000 0.000000 0.000000 1.000000
0.976745 -0.205017 -0.062746 7.400095 0.182007 0.947539 -0.262762 72.653473 0.113325 0.245231 0.962818 25.353231 0.000000 0.000000 0.000000 1.000000
0.971413 -0.215711 -0.099129 7.729189 0.183612 0.947374 -0.262239 72.605370 0.150480 0.236541 0.959898 25.357271 0.000000 0.000000 0.000000 1.000000
0.964736 -0.225462 -0.135834 7.970571 0.184680 0.947498 -0.261040 72.622749 0.187557 0.226749 0.955724 25.314262 0.000000 0.000000 0.000000 1.000000
0.956588 -0.235090 -0.172256 8.128217 0.185893 0.947374 -0.260628 72.672012 0.224462 0.217292 0.949948 25.206860 0.000000 0.000000 0.000000 1.000000
0.946900 -0.245232 -0.207948 8.205791 0.187720 0.946724 -0.261677 72.734077 0.261041 0.208745 0.942488 25.026918 0.000000 0.000000 0.000000 1.000000
0.935667 -0.256273 -0.242592 8.213810 0.190560 0.945543 -0.263885 72.807114 0.297008 0.200680 0.933549 24.779312 0.000000 0.000000 0.000000 1.000000
0.922962 -0.268347 -0.275919 8.167029 0.194773 0.943945 -0.266516 72.892891 0.331972 0.192243 0.923492 24.477335 0.000000 0.000000 0.000000 1.000000
0.908973 -0.281230 -0.307696 8.075174 0.200380 0.942046 -0.269068 72.986420 0.365534 0.182919 0.912648 24.136633 0.000000 0.000000 0.000000 1.000000
0.894069 -0.294270 -0.337706 7.936226 0.206830 0.939957 -0.271482 73.081337 0.397318 0.172876 0.901250 23.768345 0.000000 0.000000 0.000000 1.000000
0.878710 -0.306623 -0.365856 7.742085 0.213162 0.937808 -0.274004 73.177040 0.427119 0.162783 0.889422 23.375908 0.000000 0.000000 0.000000 1.000000
0.863162 -0.317709 -0.392444 7.490126 0.218443 0.935695 -0.277051 73.275940 0.455229 0.153413 0.877058 22.955149 0.000000 0.000000 0.000000 1.000000
0.847299 -0.327406 -0.418199 7.187788 0.222016 0.933638 -0.281123 73.374252 0.482487 0.145348 0.863759 22.499586 0.000000 0.000000 0.000000 1.000000
0.830824 -0.335814 -0.443802 6.847492 0.223501 0.931635 -0.286538 73.458458 0.509685 0.138873 0.849080 22.008244 0.000000 0.000000 0.000000 1.000000
0.813793 -0.343060 -0.469096 6.479484 0.222937 0.929707 -0.293161 73.510323 0.536694 0.133994 0.833070 21.488941 0.000000 0.000000 0.000000 1.000000
0.796915 -0.349436 -0.492769 6.094594 0.221072 0.927831 -0.300429 73.518074 0.562187 0.130479 0.816653 20.956026 0.000000 0.000000 0.000000 1.000000
0.781329 -0.355568 -0.512930 5.706430 0.219348 0.925859 -0.307687 73.483437 0.584305 0.127894 0.801393 20.424028 0.000000 0.000000 0.000000 1.000000
0.768011 -0.362131 -0.528224 5.336106 0.219197 0.923607 -0.314489 73.429047 0.601757 0.125746 0.788718 19.906664 0.000000 0.000000 0.000000 1.000000
0.757290 -0.369359 -0.538597 4.986922 0.221215 0.921027 -0.320584 73.371880 0.614472 0.123630 0.779192 19.410040 0.000000 0.000000 0.000000 1.000000
0.748813 -0.376707 -0.545318 4.665173 0.224644 0.918324 -0.325907 73.326424 0.623550 0.121541 0.772278 18.946062 0.000000 0.000000 0.000000 1.000000
0.741931 -0.383218 -0.550166 4.382013 0.227933 0.915850 -0.330553 73.294807 0.630543 0.119847 0.766845 18.531691 0.000000 0.000000 0.000000 1.000000
0.736185 -0.388206 -0.554371 4.143165 0.229891 0.913866 -0.334661 73.252876 0.636538 0.118928 0.762020 18.175335 0.000000 0.000000 0.000000 1.000000
0.731535 -0.391664 -0.558083 3.953032 0.230401 0.912393 -0.338311 73.171776 0.641695 0.118903 0.757687 17.876331 0.000000 0.000000 0.000000 1.000000
0.728248 -0.394201 -0.560589 3.812132 0.230359 0.911214 -0.341503 73.028297 0.645437 0.119562 0.754398 17.624681 0.000000 0.000000 0.000000 1.000000
0.726633 -0.396474 -0.561081 3.747970 0.230634 0.910058 -0.344386 72.859261 0.647157 0.120838 0.752719 17.427992 0.000000 0.000000 0.000000 1.000000
0.726926 -0.398912 -0.558970 3.758975 0.231824 0.908744 -0.347049 72.684357 0.646403 0.122697 0.753067 17.289322 0.000000 0.000000 0.000000 1.000000
0.729399 -0.400980 -0.554249 3.849718 0.233300 0.907436 -0.349473 72.556358 0.643077 0.125599 0.755432 17.208624 0.000000 0.000000 0.000000 1.000000
0.734334 -0.401766 -0.547117 4.009014 0.234128 0.906474 -0.351410 72.494011 0.637132 0.129957 0.759719 17.189888 0.000000 0.000000 0.000000 1.000000
0.741759 -0.400616 -0.537866 4.224323 0.233700 0.906119 -0.352609 72.490936 0.628632 0.135852 0.765746 17.235306 0.000000 0.000000 0.000000 1.000000
0.751300 -0.397651 -0.526708 4.489219 0.232233 0.906342 -0.353005 72.525505 0.617751 0.142894 0.773282 17.348373 0.000000 0.000000 0.000000 1.000000
0.762373 -0.393615 -0.513668 4.804935 0.230641 0.906895 -0.352627 72.572159 0.604642 0.150360 0.782176 17.537401 0.000000 0.000000 0.000000 1.000000
0.774599 -0.389015 -0.498661 5.177578 0.229556 0.907620 -0.351469 72.617050 0.589322 0.157777 0.792342 17.813810 0.000000 0.000000 0.000000 1.000000
0.787843 -0.383662 -0.481775 5.608994 0.228582 0.908541 -0.349718 72.662102 0.571886 0.165398 0.803486 18.179138 0.000000 0.000000 0.000000 1.000000
0.801888 -0.377032 -0.463489 6.094466 0.226543 0.909690 -0.348055 72.716820 0.552859 0.174100 0.814884 18.621323 0.000000 0.000000 0.000000 1.000000
0.816231 -0.369006 -0.444524 6.597872 0.222721 0.910947 -0.347234 72.758560 0.533069 0.184418 0.825728 19.112244 0.000000 0.000000 0.000000 1.000000
0.830328 -0.359696 -0.425645 7.111853 0.217124 0.912252 -0.347353 72.793655 0.513237 0.195999 0.835567 19.647364 0.000000 0.000000 0.000000 1.000000
0.843897 -0.349169 -0.407332 7.641626 0.210366 0.913787 -0.347477 72.831680 0.493542 0.207546 0.844595 20.235855 0.000000 0.000000 0.000000 1.000000
0.856905 -0.337486 -0.389637 8.187607 0.203116 0.915790 -0.346514 72.867287 0.473770 0.217788 0.853294 20.875347 0.000000 0.000000 0.000000 1.000000
0.869404 -0.324907 -0.372252 8.756830 0.195719 0.918221 -0.344332 72.898567 0.453686 0.226507 0.861896 21.551414 0.000000 0.000000 0.000000 1.000000
0.881450 -0.312027 -0.354520 9.345557 0.188572 0.920755 -0.341542 72.916405 0.432996 0.234200 0.870439 22.238792 0.000000 0.000000 0.000000 1.000000
0.893148 -0.299445 -0.335589 9.933752 0.182377 0.923174 -0.338360 72.919235 0.411127 0.241002 0.879143 22.917616 0.000000 0.000000 0.000000 1.000000
0.904596 -0.287242 -0.314959 10.500854 0.177573 0.925635 -0.334169 72.929070 0.387524 0.246359 0.888331 23.585217 0.000000 0.000000 0.000000 1.000000
0.915677 -0.275109 -0.293003 11.026181 0.173839 0.928395 -0.328425 72.965118 0.362375 0.249796 0.897934 24.236479 0.000000 0.000000 0.000000 1.000000
0.926016 -0.262730 -0.271049 11.497563 0.170100 0.931432 -0.321714 73.030128 0.336988 0.251807 0.907211 24.855696 0.000000 0.000000 0.000000 1.000000
0.935252 -0.249970 -0.250635 11.915781 0.165214 0.934444 -0.315465 73.109306 0.313061 0.253631 0.915240 25.428240 0.000000 0.000000 0.000000 1.000000
0.943369 -0.236860 -0.232276 12.288890 0.158803 0.937154 -0.310683 73.186493 0.291267 0.256202 0.921696 25.952755 0.000000 0.000000 0.000000 1.000000
0.950745 -0.223517 -0.214763 12.624902 0.151461 0.939490 -0.307277 73.255585 0.270449 0.259614 0.927069 26.438112 0.000000 0.000000 0.000000 1.000000
0.957894 -0.210018 -0.195784 12.931065 0.144157 0.941495 -0.304641 73.316971 0.248310 0.263590 0.932128 26.892214 0.000000 0.000000 0.000000 1.000000
0.965069 -0.196402 -0.173402 13.202650 0.137588 0.943162 -0.302516 73.376823 0.222961 0.268090 0.937238 27.313686 0.000000 0.000000 0.000000 1.000000
0.972113 -0.182425 -0.147370 13.432549 0.131588 0.944464 -0.301119 73.432388 0.194117 0.273329 0.942130 27.703468 0.000000 0.000000 0.000000 1.000000
0.978627 -0.167741 -0.118961 13.610713 0.125505 0.945440 -0.300652 73.475601 0.162902 0.279296 0.946286 28.067774 0.000000 0.000000 0.000000 1.000000
0.984271 -0.152170 -0.089753 13.733067 0.118838 0.946198 -0.300977 73.497566 0.130724 0.285577 0.949398 28.412642 0.000000 0.000000 0.000000 1.000000
0.988873 -0.135830 -0.060662 13.810308 0.111537 0.946816 -0.301826 73.489197 0.098432 0.291701 0.951431 28.736113 0.000000 0.000000 0.000000 1.000000
0.992361 -0.119135 -0.032034 13.860422 0.103936 0.947264 -0.303130 73.436821 0.066459 0.297485 0.952411 29.024952 0.000000 0.000000 0.000000 1.000000
0.994727 -0.102468 -0.004213 13.898274 0.096306 0.947457 -0.305041 73.335251 0.035248 0.303027 0.952330 29.266964 0.000000 0.000000 0.000000 1.000000
0.996044 -0.086014 0.022308 13.928390 0.088700 0.947365 -0.307622 73.190567 0.005326 0.308384 0.951247 29.460373 0.000000 0.000000 0.000000 1.000000
0.996428 -0.070092 0.047104 13.948961 0.081305 0.947020 -0.310712 73.013870 -0.022830 0.313432 0.949336 29.607481 0.000000 0.000000 0.000000 1.000000
0.996037 -0.055345 0.069619 13.970392 0.074554 0.946396 -0.314286 72.822388 -0.048493 0.318231 0.946772 29.710751 0.000000 0.000000 0.000000 1.000000
0.995150 -0.042638 0.088648 14.020935 0.068893 0.945350 -0.318696 72.632553 -0.070215 0.323257 0.943703 29.771021 0.000000 0.000000 0.000000 1.000000
0.994189 -0.032763 0.102541 14.125225 0.064551 0.943740 -0.324328 72.469261 -0.086146 0.329062 0.940371 29.781206 0.000000 0.000000 0.000000 1.000000
0.993579 -0.025921 0.110135 14.293650 0.061258 0.941634 -0.331019 72.343521 -0.095126 0.335640 0.937175 29.737646 0.000000 0.000000 0.000000 1.000000
0.993510 -0.021809 0.111633 14.516579 0.058580 0.939381 -0.337834 72.250595 -0.097498 0.342181 0.934562 29.641083 0.000000 0.000000 0.000000 1.000000
0.993924 -0.019964 0.108240 14.771121 0.056232 0.937488 -0.343445 72.177475 -0.094617 0.347445 0.932915 29.495512 0.000000 0.000000 0.000000 1.000000
0.994682 -0.019977 0.101037 15.032224 0.054025 0.936414 -0.346713 72.109055 -0.087686 0.350328 0.932514 29.307392 0.000000 0.000000 0.000000 1.000000
0.995666 -0.021536 0.090469 15.279101 0.051780 0.936453 -0.346951 72.036339 -0.077248 0.350132 0.933510 29.083607 0.000000 0.000000 0.000000 1.000000
0.996747 -0.024426 0.076805 15.497169 0.049470 0.937751 -0.343767 71.954910 -0.063627 0.346448 0.935909 28.828289 0.000000 0.000000 0.000000 1.000000
0.997755 -0.028460 0.060629 15.677805 0.047290 0.940380 -0.336822 71.860611 -0.047429 0.338933 0.939614 28.542316 0.000000 0.000000 0.000000 1.000000
0.998531 -0.033408 0.042654 15.814954 0.045513 0.944328 -0.325843 71.750954 -0.029394 0.327306 0.944461 28.223593 0.000000 0.000000 0.000000 1.000000
0.998971 -0.038938 0.023235 15.902454 0.044237 0.949429 -0.310849 71.625488 -0.009956 0.311557 0.950175 27.869631 0.000000 0.000000 0.000000 1.000000
0.999008 -0.044482 0.002312 15.934183 0.043216 0.955380 -0.292201 71.481735 0.010789 0.292011 0.956354 27.483494 0.000000 0.000000 0.000000 1.000000
0.998588 -0.049129 -0.020192 15.902057 0.041859 0.961889 -0.270219 71.318504 0.032698 0.268992 0.962587 27.074148 0.000000 0.000000 0.000000 1.000000
0.997685 -0.051740 -0.044123 15.796309 0.039417 0.968787 -0.244741 71.136543 0.055409 0.242435 0.968584 26.655275 0.000000 0.000000 0.000000 1.000000
0.996263 -0.051539 -0.069303 15.607696 0.035512 0.975912 -0.215255 70.935509 0.078727 0.211989 0.974096 26.238430 0.000000 0.000000 0.000000 1.000000
0.994205 -0.048555 -0.095910 15.333969 0.030476 0.982887 -0.181673 70.712906 0.103090 0.177697 0.978671 25.827280 0.000000 0.000000 0.000000 1.000000
0.991276 -0.043337 -0.124474 14.983242 0.025033 0.989113 -0.145016 70.483292 0.129403 0.140634 0.981569 25.419279 0.000000 0.000000 0.000000 1.000000
0.987190 -0.036623 -0.155289 14.552485 0.020024 0.994042 -0.107139 70.265915 0.158287 0.102658 0.982042 24.996569 0.000000 0.000000 0.000000 1.000000
0.981829 -0.028664 -0.187592 14.027190 0.015736 0.997420 -0.070044 70.087181 0.189116 0.065819 0.979746 24.536869 0.000000 0.000000 0.000000 1.000000
0.975484 -0.019929 -0.219165 13.353566 0.012482 0.999298 -0.035311 69.944611 0.219715 0.031710 0.975049 24.000395 0.000000 0.000000 0.000000 1.000000
0.968872 -0.010531 -0.247336 12.537996 0.009861 0.999944 -0.003946 69.882469 0.247364 0.001384 0.968922 23.368273 0.000000 0.000000 0.000000 1.000000
0.962857 -0.001413 -0.270007 11.579082 0.008015 0.999695 0.023350 69.927681 0.269892 -0.024647 0.962575 22.597694 0.000000 0.000000 0.000000 1.000000
0.958149 0.006160 -0.286203 10.489517 0.007265 0.998923 0.045823 70.146317 0.286177 -0.045985 0.957073 21.632385 0.000000 0.000000 0.000000 1.000000
0.955252 0.011043 -0.295588 9.286706 0.007844 0.998006 0.062637 70.633469 0.295690 -0.062153 0.953260 20.414156 0.000000 0.000000 0.000000 1.000000
0.954538 0.012608 -0.297821 7.991477 0.009736 0.997253 0.073425 71.448326 0.297929 -0.072987 0.951794 18.912979 0.000000 0.000000 0.000000 1.000000
0.956147 0.011003 -0.292681 6.644733 0.012712 0.996794 0.078999 72.531006 0.292612 -0.079255 0.952941 17.169184 0.000000 0.000000 0.000000 1.000000
0.959732 0.007423 -0.280818 5.349930 0.016058 0.996567 0.081223 73.624512 0.280456 -0.082462 0.956318 15.361995 0.000000 0.000000 0.000000 1.000000
0.964550 0.001577 -0.263897 4.117370 0.020909 0.996382 0.082378 74.620552 0.263072 -0.084975 0.961027 13.583277 0.000000 0.000000 0.000000 1.000000
0.969646 -0.005506 -0.244451 3.013122 0.026924 0.996071 0.084362 75.549034 0.243026 -0.088383 0.965985 11.837477 0.000000 0.000000 0.000000 1.000000
0.974387 -0.012853 -0.224510 2.104353 0.033190 0.995651 0.087048 76.445480 0.222414 -0.092270 0.970576 10.157414 0.000000 0.000000 0.000000 1.000000
0.978611 -0.018415 -0.204892 1.462059 0.037296 0.995362 0.088675 77.160919 0.202309 -0.094420 0.974759 8.722690 0.000000 0.000000 0.000000 1.000000
0.982515 -0.022290 -0.184842 1.011924 0.039235 0.995301 0.088526 77.760078 0.182000 -0.094230 0.978773 7.483298 0.000000 0.000000 0.000000 1.000000
0.986200 -0.024413 -0.163750 0.658899 0.039069 0.995452 0.086888 78.287125 0.160884 -0.092087 0.982668 6.372566 0.000000 0.000000 0.000000 1.000000
0.989546 -0.023970 -0.142211 0.367438 0.036258 0.995768 0.084452 78.734161 0.139585 -0.088725 0.986227 5.375454 0.000000 0.000000 0.000000 1.000000
0.992350 -0.021214 -0.121622 0.118428 0.031277 0.996188 0.081436 79.125137 0.119431 -0.084617 0.989230 4.478735 0.000000 0.000000 0.000000 1.000000
0.994499 -0.017375 -0.103296 -0.099836 0.025446 0.996680 0.077335 79.503464 0.101610 -0.079538 0.991640 3.678038 0.000000 0.000000 0.000000 1.000000
0.996050 -0.013960 -0.087686 -0.298432 0.020285 0.997223 0.071662 79.911118 0.086442 -0.073158 0.993567 2.975869 0.000000 0.000000 0.000000 1.000000
0.997166 -0.011672 -0.074323 -0.480842 0.016495 0.997774 0.064616 80.367844 0.073403 -0.065659 0.995139 2.380378 0.000000 0.000000 0.000000 1.000000
0.998011 -0.009483 -0.062322 -0.616320 0.013046 0.998289 0.057007 80.836296 0.061674 -0.057707 0.996427 1.907692 0.000000 0.000000 0.000000 1.000000
0.998691 -0.006779 -0.050706 -0.712043 0.009296 0.998728 0.049564 81.317238 0.050305 -0.049970 0.997483 1.546623 0.000000 0.000000 0.000000 1.000000
0.999240 -0.003181 -0.038846 -0.774650 0.004826 0.999092 0.042320 81.804100 0.038676 -0.042476 0.998349 1.277778 0.000000 0.000000 0.000000 1.000000
0.999638 0.001457 -0.026860 -0.785999 -0.000524 0.999397 0.034714 82.247437 0.026895 -0.034687 0.999036 1.085371 0.000000 0.000000 0.000000 1.000000
0.999850 0.006894 -0.015889 -0.712598 -0.006473 0.999630 0.026401 82.579895 0.016065 -0.026294 0.999525 0.958482 0.000000 0.000000 0.000000 1.000000
0.999900 0.011954 -0.007553 -0.545021 -0.011815 0.999767 0.018075 82.793045 0.007767 -0.017984 0.999808 0.884787 0.000000 0.000000 0.000000 1.000000
0.999873 0.015734 -0.002517 -0.304373 -0.015706 0.999820 0.010686 82.918114 0.002685 -0.010646 0.999940 0.854548 0.000000 0.000000 0.000000 1.000000
0.999834 0.018218 0.000124 -0.037809 -0.018218 0.999824 0.004402 83.002945 -0.000044 -0.004403 0.999990 0.852276 0.000000 0.000000 0.000000 1.000000</float_array>
        <technique_common>
          <accessor source="#mixamorig_Hips-Matrix-animation-output-transform-array" count="163" stride="16">
            <param type="float4x4"/>
          </accessor>
        </technique_common>
      </source>
      <source id="mixamorig_Hips-Interpolations">
        <Name_array id="mixamorig_Hips-Interpolations-array" count="163">
 LINEAR LINEAR LINEAR LINEAR LINEAR LINEAR LINEAR LINEAR LINEAR LINEAR LINEAR
LINEAR LINEAR LINEAR LINEAR LINEAR LINEAR LINEAR LINEAR LINEAR LINEAR LINEAR LINEAR
LINEAR LINEAR LINEAR LINEAR LINEAR LINEAR LINEAR LINEAR LINEAR LINEAR LINEAR LINEAR
LINEAR LINEAR LINEAR LINEAR LINEAR LINEAR LINEAR LINEAR LINEAR LINEAR LINEAR LINEAR
LINEAR LINEAR LINEAR LINEAR LINEAR LINEAR LINEAR LINEAR LINEAR LINEAR LINEAR LINEAR
LINEAR LINEAR LINEAR LINEAR LINEAR LINEAR LINEAR LINEAR LINEAR LINEAR LINEAR LINEAR
LINEAR LINEAR LINEAR LINEAR LINEAR LINEAR LINEAR LINEAR LINEAR LINEAR LINEAR LINEAR
LINEAR LINEAR LINEAR LINEAR LINEAR LINEAR LINEAR LINEAR LINEAR LINEAR LINEAR LINEAR
LINEAR LINEAR LINEAR LINEAR LINEAR LINEAR LINEAR LINEAR LINEAR LINEAR LINEAR LINEAR
LINEAR LINEAR LINEAR LINEAR LINEAR LINEAR LINEAR LINEAR LINEAR LINEAR LINEAR LINEAR
LINEAR LINEAR LINEAR LINEAR LINEAR LINEAR LINEAR LINEAR LINEAR LINEAR LINEAR LINEAR
LINEAR LINEAR LINEAR LINEAR LINEAR LINEAR LINEAR LINEAR LINEAR LINEAR LINEAR LINEAR
LINEAR LINEAR LINEAR LINEAR LINEAR LINEAR LINEAR LINEAR LINEAR LINEAR LINEAR LINEAR
LINEAR LINEAR LINEAR LINEAR LINEAR LINEAR LINEAR LINEAR</Name_array>
        <technique_common>
          <accessor source="#mixamorig_Hips-Interpolations-array" count="163">
            <param type="name"/>
          </accessor>
        </technique_common>
      </source>
      <sampler id="mixamorig_Hips-Matrix-animation-transform">
        <input semantic="INPUT" source="#mixamorig_Hips-Matrix-animation-input"/>
        <input semantic="OUTPUT" source="#mixamorig_Hips-Matrix-animation-output-transform"/>
        <input semantic="INTERPOLATION" source="#mixamorig_Hips-Interpolations"/>
      </sampler>
      <channel source="#mixamorig_Hips-Matrix-animation-transform" target="mixamorig_Hips/matrix"/>
    </animation>
    <animation id="mixamorig_Spine-anim" name="mixamorig_Spine">
      <source id="mixamorig_Spine-Matrix-animation-input">
        <float_array id="mixamorig_Spine-Matrix-animation-input-array" count="163">

0.000000 0.033333 0.066667 0.100000 0.133333 0.166667 0.200000 0.233333 0.266667 0.300000 0.333333 0.366667 0.400000 0.433333 0.466667 0.500000
0.533333 0.566667 0.600000 0.633333 0.666667 0.700000 0.733333 0.766667 0.800000 0.833333 0.866667 0.900000 0.933333 0.966667 1.000000 1.033333
1.066667 1.100000 1.133333 1.166667 1.200000 1.233333 1.266667 1.300000 1.333333 1.366667 1.400000 1.433333 1.466667 1.500000 1.533333 1.566667
1.600000 1.633333 1.666667 1.700000 1.733333 1.766667 1.800000 1.833333 1.866667 1.900000 1.933333 1.966667 2.000000 2.033333 2.066667 2.100000
2.133333 2.166667 2.200000 2.233333 2.266667 2.300000 2.333333 2.366667 2.400000 2.433333 2.466667 2.500000 2.533333 2.566667 2.600000 2.633333
2.666667 2.700000 2.733333 2.766667 2.800000 2.833333 2.866667 2.900000 2.933333 2.966667 3.000000 3.033333 3.066667 3.100000 3.133333 3.166667
3.200000 3.233333 3.266667 3.300000 3.333333 3.366667 3.400000 3.433333 3.466667 3.500000 3.533333 3.566667 3.600000 3.633333 3.666667 3.700000
3.733333 3.766667 3.800000 3.833333 3.866667 3.900000 3.933333 3.966667 4.000000 4.033333 4.066667 4.100000 4.133333 4.166667 4.200000 4.233333
4.266667 4.300000 4.333333 4.366667 4.400000 4.433333 4.466667 4.500000 4.533333 4.566667 4.600000 4.633333 4.666667 4.700000 4.733333 4.766667
4.800000 4.833333 4.866667 4.900000 4.933333 4.966667 5.000000 5.033333 5.066667 5.100000 5.133333 5.166667 5.200000 5.233333 5.266667 5.300000
5.333333 5.366667 5.400000</float_array>
        <technique_common>
          <accessor source="#mixamorig_Spine-Matrix-animation-input-array" count="163">
            <param name="TIME" type="float"/>
          </accessor>
        </technique_common>
      </source>
      <source id="mixamorig_Spine-Matrix-animation-output-transform">
        <float_array id="mixamorig_Spine-Matrix-animation-output-transform-array" count="2608">

0.999974 -0.006282 0.003545 0.000000 0.006843 0.981590 -0.190879 13.663900 -0.002280 0.190898 0.981607 -1.184000 0.000000 0.000000 0.000000 1.000000
0.999979 -0.005225 0.003816 -0.000000 0.005858 0.981550 -0.191117 13.663900 -0.002747 0.191136 0.981560 -1.184000 0.000000 0.000000 0.000000 1.000000
0.999982 -0.004497 0.004033 -0.000000 0.005182 0.981701 -0.190358 13.663900 -0.003103 0.190376 0.981706 -1.184000 0.000000 0.000000 0.000000 1.000000
0.999983 -0.004031 0.004212 0.000000 0.004754 0.982014 -0.188747 13.663900 -0.003375 0.188764 0.982017 -1.184000 0.000000 0.000000 0.000000 1.000000
0.999984 -0.003598 0.004382 0.000000 0.004352 0.982455 -0.186450 13.663900 -0.003634 0.186466 0.982455 -1.184000 0.000000 0.000000 0.000000 1.000000
0.999985 -0.002945 0.004533 -0.000000 0.003727 0.983009 -0.183518 13.663900 -0.003915 0.183532 0.983006 -1.184000 0.000000 0.000000 0.000000 1.000000
0.999987 -0.001992 0.004648 0.000000 0.002797 0.983655 -0.180041 13.663900 -0.004214 0.180052 0.983648 -1.184000 0.000000 0.000000 0.000000 1.000000
0.999989 -0.000911 0.004666 0.000000 0.001719 0.984339 -0.176280 13.663900 -0.004432 0.176286 0.984329 -1.184000 0.000000 0.000000 0.000000 1.000000
0.999990 0.000006 0.004430 0.000000 0.000758 0.985023 -0.172424 13.663900 -0.004365 0.172426 0.985013 -1.184000 0.000000 0.000000 0.000000 1.000000
0.999991 0.000605 0.004294 -0.000000 0.000126 0.985752 -0.168207 13.663900 -0.004334 0.168206 0.985742 -1.184000 0.000000 0.000000 0.000000 1.000000
0.999989 0.001075 0.004610 -0.000000 -0.000309 0.986622 -0.163023 13.663900 -0.004724 0.163020 0.986611 -1.184000 0.000000 0.000000 0.000000 1.000000
0.999983 0.001903 0.005549 -0.000000 -0.001010 0.987653 -0.156655 13.663900 -0.005779 0.156647 0.987638 -1.184000 0.000000 0.000000 0.000000 1.000000
0.999972 0.003380 0.006643 0.000000 -0.002346 0.988701 -0.149885 13.663900 -0.007074 0.149865 0.988681 -1.184000 0.000000 0.000000 0.000000 1.000000
0.999961 0.005293 0.007072 0.000000 -0.004218 0.989534 -0.144240 13.663900 -0.007761 0.144204 0.989517 -1.184000 0.000000 0.000000 0.000000 1.000000
0.999956 0.007016 0.006264 0.000000 -0.006063 0.990004 -0.140905 13.663900 -0.007189 0.140861 0.990003 -1.184000 0.000000 0.000000 0.000000 1.000000
0.999958 0.008173 0.004149 0.000000 -0.007512 0.990127 -0.139973 13.663900 -0.005252 0.139936 0.990147 -1.184000 0.000000 0.000000 0.000000 1.000000
0.999963 0.008558 0.001021 0.000000 -0.008330 0.990053 -0.140451 13.663900 -0.002213 0.140437 0.990087 -1.184000 0.000000 0.000000 0.000000 1.000000
0.999967 0.007680 -0.002699 0.000000 -0.007984 0.989985 -0.140948 13.663900 0.001589 0.140965 0.990013 -1.184000 0.000000 0.000000 0.000000 1.000000
0.999971 0.004296 -0.006289 0.000000 -0.005135 0.990094 -0.140310 13.663900 0.005624 0.140338 0.990088 -1.184000 0.000000 0.000000 0.000000 1.000000
0.999959 -0.002505 -0.008662 -0.000000 0.001289 0.990474 -0.137694 13.663900 0.008924 0.137678 0.990437 -1.184000 0.000000 0.000000 0.000000 1.000000
0.999887 -0.012283 -0.008695 -0.000000 0.011026 0.991154 -0.132260 13.663900 0.010242 0.132149 0.991177 -1.184000 0.000000 0.000000 0.000000 1.000000
0.999707 -0.023526 -0.005630 0.000000 0.022654 0.992121 -0.123222 13.663900 0.008485 0.123058 0.992363 -1.184000 0.000000 0.000000 0.000000 1.000000
0.999416 -0.034181 0.000118 0.000000 0.033985 0.993301 -0.110445 13.663900 0.003658 0.110385 0.993882 -1.184000 0.000000 0.000000 0.000000 1.000000
0.999179 -0.040140 0.005559 0.000000 0.040486 0.994677 -0.094755 13.663900 -0.001726 0.094902 0.995485 -1.184000 0.000000 0.000000 0.000000 1.000000
0.998935 -0.044922 0.010525 0.000000 0.045603 0.995962 -0.077332 13.663900 -0.007009 0.077730 0.996950 -1.184000 0.000000 0.000000 0.000000 1.000000
0.998773 -0.047448 0.014179 0.000000 0.048205 0.997096 -0.058961 13.663900 -0.011341 0.059572 0.998160 -1.184000 0.000000 0.000000 0.000000 1.000000
0.998580 -0.049970 0.018453 0.000000 0.050676 0.997913 -0.040009 13.663900 -0.016415 0.040888 0.999029 -1.184000 0.000000 0.000000 0.000000 1.000000
0.998318 -0.052488 0.024638 -0.000000 0.053007 0.998376 -0.020891 13.663900 -0.023501 0.022162 0.999478 -1.184000 0.000000 0.000000 0.000000 1.000000
0.998075 -0.052975 0.032255 0.000000 0.053077 0.998588 -0.002298 13.663900 -0.032087 0.004005 0.999477 -1.184000 0.000000 0.000000 0.000000 1.000000
0.997898 -0.051053 0.039927 -0.000000 0.050491 0.998613 0.014956 13.663900 -0.040635 -0.012909 0.999091 -1.184000 0.000000 0.000000 0.000000 1.000000
0.997784 -0.047817 0.046271 0.000000 0.046447 0.998463 0.030236 13.663900 -0.047646 -0.028020 0.998471 -1.184000 0.000000 0.000000 0.000000 1.000000
0.997715 -0.044475 0.050855 -0.000000 0.042281 0.998161 0.043436 13.663900 -0.052693 -0.041187 0.997761 -1.184000 0.000000 0.000000 0.000000 1.000000
0.997670 -0.041567 0.054107 0.000000 0.038589 0.997742 0.054962 13.663900 -0.056269 -0.052746 0.997021 -1.184000 0.000000 0.000000 0.000000 1.000000
0.997643 -0.038765 0.056619 0.000000 0.035056 0.997262 0.065106 13.663900 -0.058988 -0.062967 0.996271 -1.184000 0.000000 0.000000 0.000000 1.000000
0.997634 -0.036091 0.058522 0.000000 0.031747 0.996788 0.073522 13.663900 -0.060987 -0.071490 0.995575 -1.184000 0.000000 0.000000 0.000000 1.000000
0.997661 -0.033806 0.059412 -0.000000 0.029030 0.996414 0.079478 13.663900 -0.061885 -0.077567 0.995065 -1.184000 0.000000 0.000000 0.000000 1.000000
0.997750 -0.031831 0.059015 0.000000 0.026895 0.996218 0.082627 13.663900 -0.061421 -0.080854 0.994832 -1.184000 0.000000 0.000000 0.000000 1.000000
0.997887 -0.029558 0.057866 -0.000000 0.024643 0.996172 0.083871 13.663900 -0.060123 -0.082268 0.994795 -1.184000 0.000000 0.000000 0.000000 1.000000
0.998029 -0.026508 0.056874 -0.000000 0.021649 0.996197 0.084397 13.663900 -0.058895 -0.083000 0.994808 -1.184000 0.000000 0.000000 0.000000 1.000000
0.998162 -0.021973 0.056482 0.000000 0.017157 0.996286 0.084383 13.663900 -0.058127 -0.083258 0.994831 -1.184000 0.000000 0.000000 0.000000 1.000000
0.998237 -0.017122 0.056826 0.000000 0.012336 0.996429 0.083528 13.663900 -0.058053 -0.082679 0.994884 -1.184000 0.000000 0.000000 0.000000 1.000000
0.998268 -0.011411 0.057719 0.000000 0.006691 0.996666 0.081310 13.663900 -0.058454 -0.080783 0.995016 -1.184000 0.000000 0.000000 0.000000 1.000000
0.998243 -0.005396 0.059010 0.000000 0.000814 0.997000 0.077398 13.663900 -0.059250 -0.077214 0.995252 -1.184000 0.000000 0.000000 0.000000 1.000000
0.998120 0.000938 0.061285 -0.000000 -0.005325 0.997429 0.071466 13.663900 -0.061061 -0.071658 0.995558 -1.184000 0.000000 0.000000 0.000000 1.000000
0.997794 0.005216 0.066180 0.000000 -0.009414 0.997951 0.063284 13.663900 -0.065714 -0.063768 0.995799 -1.184000 0.000000 0.000000 0.000000 1.000000
0.997388 0.012623 0.071117 0.000000 -0.016361 0.998501 0.052223 13.663900 -0.070351 -0.053250 0.996100 -1.184000 0.000000 0.000000 0.000000 1.000000
0.997110 0.026055 0.071363 0.000000 -0.028805 0.998871 0.037768 13.663900 -0.070298 -0.039714 0.996735 -1.184000 0.000000 0.000000 0.000000 1.000000
0.997103 0.037592 0.066129 -0.000000 -0.039016 0.999031 0.020382 13.663900 -0.065299 -0.022903 0.997603 -1.184000 0.000000 0.000000 0.000000 1.000000
0.997296 0.044156 0.058738 -0.000000 -0.044301 0.999018 0.001156 13.663900 -0.058629 -0.003756 0.998273 -1.184000 0.000000 0.000000 0.000000 1.000000
0.997482 0.047679 0.052499 0.000000 -0.046813 0.998749 -0.017600 13.663900 -0.053273 0.015098 0.998466 -1.184000 0.000000 0.000000 0.000000 1.000000
0.997522 0.050585 0.048896 0.000000 -0.049015 0.998260 -0.032782 13.663900 -0.050470 0.030304 0.998266 -1.184000 0.000000 0.000000 0.000000 1.000000
0.997496 0.053383 0.046398 -0.000000 -0.051416 0.997768 -0.042599 13.663900 -0.048568 0.040106 0.998014 -1.184000 0.000000 0.000000 0.000000 1.000000
0.997562 0.054556 0.043505 0.000000 -0.052452 0.997464 -0.048115 13.663900 -0.046020 0.045716 0.997894 -1.184000 0.000000 0.000000 0.000000 1.000000
0.997783 0.053132 0.040077 0.000000 -0.051014 0.997336 -0.052130 13.663900 -0.042740 0.049970 0.997836 -1.184000 0.000000 0.000000 0.000000 1.000000
0.998018 0.050881 0.037038 0.000000 -0.048742 0.997210 -0.056532 13.663900 -0.039811 0.054615 0.997714 -1.184000 0.000000 0.000000 0.000000 1.000000
0.998161 0.049902 0.034410 0.000000 -0.047736 0.996987 -0.061133 13.663900 -0.037357 0.059378 0.997536 -1.184000 0.000000 0.000000 0.000000 1.000000
0.998242 0.050101 0.031672 0.000000 -0.047965 0.996736 -0.064942 13.663900 -0.034823 0.063309 0.997386 -1.184000 0.000000 0.000000 0.000000 1.000000
0.998348 0.049991 0.028322 0.000000 -0.047980 0.996550 -0.067713 13.663900 -0.031609 0.066243 0.997303 -1.184000 0.000000 0.000000 0.000000 1.000000
0.998505 0.048750 0.024706 0.000000 -0.046916 0.996439 -0.070059 13.663900 -0.028033 0.068796 0.997237 -1.184000 0.000000 0.000000 0.000000 1.000000
