<?xml version="1.0" encoding="utf-8"?>
<COLLADA xmlns="http://www.collada.org/2005/11/COLLADASchema" version="1.4.1">
  <asset>
    <contributor>
      <author>Mixamo</author>
      <authoring_tool>COLLADA Mixamo exporter</authoring_tool>
      <comments/>
    </contributor>
    <created>2024-08-19T10:12:35Z</created>
    <modified>2024-08-19T10:12:35Z</modified>
    <revision/>
    <title/>
    <unit meter="0.010000"/>
    <up_axis>Y_UP</up_axis>
  </asset>
  <library_animations>
    <animation id="mixamorig_Hips-anim" name="mixamorig_Hips">
      <source id="mixamorig_Hips-Matrix-animation-input">
        <float_array id="mixamorig_Hips-Matrix-animation-input-array" count="34">

0.000000 0.033333 0.066667 0.100000 0.133333 0.166667 0.200000 0.233333 0.266667 0.300000 0.333333 0.366667 0.400000 0.433333 0.466667 0.500000
0.533333 0.566667 0.600000 0.633333 0.666667 0.700000 0.733333 0.766667 0.800000 0.833333 0.866667 0.900000 0.933333 0.966667 1.000000 1.033333
1.066667 1.100000</float_array>
        <technique_common>
          <accessor source="#mixamorig_Hips-Matrix-animation-input-array" count="34">
            <param name="TIME" type="float"/>
          </accessor>
        </technique_common>
      </source>
      <source id="mixamorig_Hips-Matrix-animation-output-transform">
        <float_array id="mixamorig_Hips-Matrix-animation-output-transform-array" count="544">

0.999834 0.018217 0.000124 -0.037843 -0.018217 0.999824 0.004402 83.003082 -0.000044 -0.004403 0.999990 0.852250 0.000000 0.000000 0.000000 1.000000
0.998633 -0.010735 -0.051156 0.632696 0.009929 0.999823 -0.015978 81.094948 0.051318 0.015449 0.998563 -0.211655 0.000000 0.000000 0.000000 1.000000
0.997999 -0.024525 -0.058280 1.028722 0.022585 0.999176 -0.033712 78.794724 0.059058 0.032329 0.997731 -1.170442 0.000000 0.000000 0.000000 1.000000
0.999790 -0.020235 0.003307 0.772123 0.020364 0.998784 -0.044891 76.881638 -0.002395 0.044949 0.998986 -1.863690 0.000000 0.000000 0.000000 1.000000
0.989058 0.000953 0.147525 -0.278119 0.007081 0.998520 -0.053926 75.623787 -0.147358 0.054381 0.987587 -1.951593 0.000000 0.000000 0.000000 1.000000
0.931934 0.028194 0.361530 -1.772367 -0.003435 0.997614 -0.068947 75.190002 -0.362611 0.063012 0.929808 -1.400035 0.000000 0.000000 0.000000 1.000000
0.805229 0.044894 0.591262 -2.958618 0.007120 0.996326 -0.085348 75.268814 -0.592921 0.072934 0.801951 -0.520874 0.000000 0.000000 0.000000 1.000000
0.647283 0.041894 0.761098 -3.371574 0.036888 0.995597 -0.086174 74.774323 -0.761357 0.083854 0.642887 0.567610 0.000000 0.000000 0.000000 1.000000
0.536228 0.025780 0.843679 -3.004786 0.063898 0.995425 -0.071030 73.572739 -0.841651 0.091998 0.532128 1.638160 0.000000 0.000000 0.000000 1.000000
0.484221 0.007920 0.874910 -2.538687 0.090894 0.994093 -0.059304 71.989594 -0.870212 0.108240 0.480641 2.813170 0.000000 0.000000 0.000000 1.000000
0.420827 0.000346 0.907141 -2.333579 0.136280 0.988627 -0.063599 70.622879 -0.896846 0.150389 0.415994 4.523342 0.000000 0.000000 0.000000 1.000000
0.298038 0.010485 0.954497 -2.312268 0.202102 0.976577 -0.073833 69.534515 -0.932914 0.214911 0.288938 7.166302 0.000000 0.000000 0.000000 1.000000
0.150473 0.031802 0.988103 -2.139174 0.262510 0.962318 -0.070948 68.581421 -0.953125 0.270062 0.136454 10.322735 0.000000 0.000000 0.000000 1.000000
0.041870 0.049816 0.997880 -1.786755 0.294795 0.953676 -0.059978 67.850800 -0.954643 0.296682 0.025245 13.037199 0.000000 0.000000 0.000000 1.000000
-0.005934 0.059766 0.998195 -1.464941 0.300861 0.952068 -0.055216 67.411499 -0.953650 0.299990 -0.023631 14.992674 0.000000 0.000000 0.000000 1.000000
-0.008645 0.063312 0.997956 -1.315179 0.290041 0.955249 -0.058090 67.322899 -0.956975 0.288946 -0.026621 16.197672 0.000000 0.000000 0.000000 1.000000
0.016194 0.063064 0.997878 -1.249560 0.265024 0.962042 -0.065100 67.566193 -0.964106 0.265516 -0.001134 16.740568 0.000000 0.000000 0.000000 1.000000
0.061246 0.063195 0.996120 -1.063960 0.227289 0.970891 -0.075569 68.120598 -0.971899 0.231036 0.045100 16.718369 0.000000 0.000000 0.000000 1.000000
0.125772 0.067765 0.989742 -0.644358 0.182914 0.978976 -0.090272 68.925720 -0.975051 0.192391 0.110733 16.179096 0.000000 0.000000 0.000000 1.000000
0.210565 0.075537 0.974657 -0.025869 0.139351 0.984510 -0.106406 69.951454 -0.967597 0.158225 0.196777 15.190461 0.000000 0.000000 0.000000 1.000000
0.317545 0.080121 0.944852 0.744300 0.098741 0.988213 -0.116983 71.188164 -0.943088 0.130443 0.305891 13.905727 0.000000 0.000000 0.000000 1.000000
0.446322 0.077585 0.891503 1.563617 0.060464 0.991343 -0.116544 72.479782 -0.892827 0.105920 0.437768 12.418048 0.000000 0.000000 0.000000 1.000000
0.584087 0.072650 0.808433 2.402423 0.025612 0.993841 -0.107817 73.744629 -0.811287 0.083680 0.578629 10.819188 0.000000 0.000000 0.000000 1.000000
0.709146 0.073434 0.701227 3.212135 -0.004002 0.994965 -0.100148 75.124016 -0.705050 0.068213 0.705869 9.281092 0.000000 0.000000 0.000000 1.000000
0.808291 0.077320 0.583685 3.804541 -0.025195 0.994974 -0.096914 76.678917 -0.588244 0.063629 0.806176 7.936586 0.000000 0.000000 0.000000 1.000000
0.882226 0.072661 0.465186 3.972240 -0.033124 0.995150 -0.092620 78.305267 -0.469660 0.066303 0.880354 6.871437 0.000000 0.000000 0.000000 1.000000
0.935898 0.053805 0.348137 3.642679 -0.026719 0.996262 -0.082145 79.748314 -0.351255 0.067577 0.933838 5.983673 0.000000 0.000000 0.000000 1.000000
0.971024 0.029007 0.237214 2.969380 -0.013899 0.997781 -0.065113 80.804665 -0.238576 0.059929 0.969273 5.087957 0.000000 0.000000 0.000000 1.000000
0.989314 0.010096 0.145448 2.208041 -0.003689 0.999013 -0.044255 81.485046 -0.145751 0.043245 0.988376 4.066616 0.000000 0.000000 0.000000 1.000000
0.996526 0.002806 0.083236 1.531146 -0.000476 0.999608 -0.027998 82.020950 -0.083282 0.027861 0.996136 3.080714 0.000000 0.000000 0.000000 1.000000
0.998930 0.004275 0.046057 0.991396 -0.003291 0.999765 -0.021421 82.436958 -0.046138 0.021246 0.998709 2.225626 0.000000 0.000000 0.000000 1.000000
0.999687 0.010486 0.022702 0.557023 -0.010066 0.999777 -0.018561 82.732689 -0.022892 0.018327 0.999570 1.550732 0.000000 0.000000 0.000000 1.000000
0.999838 0.016437 0.007355 0.196150 -0.016361 0.999813 -0.010332 82.927238 -0.007523 0.010210 0.999920 1.064888 0.000000 0.000000 0.000000 1.000000
0.999836 0.018093 0.000137 -0.041391 -0.018094 0.999826 0.004430 83.013947 -0.000056 -0.004432 0.999990 0.848356 0.000000 0.000000 0.000000 1.000000</float_array>
        <technique_common>
          <accessor source="#mixamorig_Hips-Matrix-animation-output-transform-array" count="34" stride="16">
            <param type="float4x4"/>
          </accessor>
        </technique_common>
      </source>
      <source id="mixamorig_Hips-Interpolations">
        <Name_array id="mixamorig_Hips-Interpolations-array" count="34">
 LINEAR LINEAR LINEAR LINEAR LINEAR LINEAR LINEAR LINEAR LINEAR LINEAR LINEAR
LINEAR LINEAR LINEAR LINEAR LINEAR LINEAR LINEAR LINEAR LINEAR LINEAR LINEAR LINEAR
LINEAR LINEAR LINEAR LINEAR LINEAR LINEAR LINEAR LINEAR LINEAR LINEAR LINEAR</Name_array>
        <technique_common>
          <accessor source="#mixamorig_Hips-Interpolations-array" count="34">
            <param type="name"/>
          </accessor>
        </technique_common>
      </source>
      <sampler id="mixamorig_Hips-Matrix-animation-transform">
        <input semantic="INPUT" source="#mixamorig_Hips-Matrix-animation-input"/>
        <input semantic="OUTPUT" source="#mixamorig_Hips-Matrix-animation-output-transform"/>
        <input semantic="INTERPOLATION" source="#mixamorig_Hips-Interpolations"/>
      </sampler>
      <channel source="#mixamorig_Hips-Matrix-animation-transform" target="mixamorig_Hips/matrix"/>
    </animation>
    <animation id="mixamorig_Spine-anim" name="mixamorig_Spine">
      <source id="mixamorig_Spine-Matrix-animation-input">
        <float_array id="mixamorig_Spine-Matrix-animation-input-array" count="34">

0.000000 0.033333 0.066667 0.100000 0.133333 0.166667 0.200000 0.233333 0.266667 0.300000 0.333333 0.366667 0.400000 0.433333 0.466667 0.500000
0.533333 0.566667 0.600000 0.633333 0.666667 0.700000 0.733333 0.766667 0.800000 0.833333 0.866667 0.900000 0.933333 0.966667 1.000000 1.033333
1.066667 1.100000</float_array>
        <technique_common>
          <accessor source="#mixamorig_Spine-Matrix-animation-input-array" count="34">
            <param name="TIME" type="float"/>
          </accessor>
        </technique_common>
      </source>
      <source id="mixamorig_Spine-Matrix-animation-output-transform">
        <float_array id="mixamorig_Spine-Matrix-animation-output-transform-array" count="544">

0.999974 -0.006282 0.003545 0.000000 0.006843 0.981590 -0.190879 13.663900 -0.002280 0.190898 0.981607 -1.184000 0.000000 0.000000 0.000000 1.000000
0.999882 -0.010335 -0.011370 0.000000 0.008052 0.982678 -0.185147 13.663900 0.013087 0.185034 0.982645 -1.184000 0.000000 0.000000 0.000000 1.000000
0.999648 -0.011207 -0.024048 0.000000 0.006805 0.984389 -0.175873 13.663900 0.025643 0.175647 0.984119 -1.184000 0.000000 0.000000 0.000000 1.000000
0.999440 -0.005124 -0.033078 0.000000 -0.000303 0.986789 -0.162008 13.663900 0.033472 0.161927 0.986235 -1.184000 0.000000 0.000000 0.000000 1.000000
0.999351 0.003618 -0.035842 0.000000 -0.008805 0.989302 -0.145619 13.663900 0.034932 0.145840 0.988691 -1.184000 0.000000 0.000000 0.000000 1.000000
0.999442 0.015914 -0.029361 0.000000 -0.019658 0.991059 -0.131967 13.663900 0.026998 0.132470 0.990819 -1.184000 0.000000 0.000000 0.000000 1.000000
0.999614 0.026346 -0.008813 -0.000000 -0.027207 0.992553 -0.118737 13.663900 0.005619 0.118931 0.992887 -1.184000 0.000000 0.000000 0.000000 1.000000
0.998991 0.038999 0.022266 0.000000 -0.036471 0.993862 -0.104441 13.663900 -0.026203 0.103523 0.994282 -1.184000 0.000000 0.000000 0.000000 1.000000
0.997559 0.044459 0.053842 0.000000 -0.039988 0.995875 -0.081453 13.663900 -0.057241 0.079102 0.995222 -1.184000 0.000000 0.000000 0.000000 1.000000
0.997122 0.046316 0.060027 0.000000 -0.042960 0.997504 -0.056038 13.663900 -0.062472 0.053298 0.996623 -1.184000 0.000000 0.000000 0.000000 1.000000
0.995885 0.049894 0.075651 -0.000000 -0.047535 0.998335 -0.032670 13.663900 -0.077155 0.028940 0.996599 -1.184000 0.000000 0.000000 0.000000 1.000000
0.993156 0.056878 0.102007 0.000000 -0.056090 0.998370 -0.010587 13.663900 -0.102443 0.004793 0.994727 -1.184000 0.000000 0.000000 0.000000 1.000000
0.991659 0.060939 0.113573 -0.000000 -0.061732 0.998087 0.003478 13.663900 -0.113144 -0.010460 0.993524 -1.184000 0.000000 0.000000 0.000000 1.000000
0.991269 0.063118 0.115767 -0.000000 -0.064389 0.997898 0.007274 13.663900 -0.115065 -0.014665 0.993250 -1.184000 0.000000 0.000000 0.000000 1.000000
0.990937 0.065800 0.117110 0.000000 -0.066752 0.997761 0.004225 13.663900 -0.116569 -0.012004 0.993110 -1.184000 0.000000 0.000000 0.000000 1.000000
0.991040 0.068751 0.114514 0.000000 -0.068832 0.997623 -0.003254 13.663900 -0.114465 -0.004658 0.993416 -1.184000 0.000000 0.000000 0.000000 1.000000
0.991696 0.071033 0.107207 0.000000 -0.069795 0.997445 -0.015263 13.663900 -0.108017 0.007654 0.994120 -1.184000 0.000000 0.000000 0.000000 1.000000
0.992403 0.068620 0.102112 0.000000 -0.065838 0.997368 -0.030377 13.663900 -0.103928 0.023424 0.994309 -1.184000 0.000000 0.000000 0.000000 1.000000
0.993361 0.062849 0.096355 0.000000 -0.058725 0.997257 -0.045057 13.663900 -0.098923 0.039100 0.994327 -1.184000 0.000000 0.000000 0.000000 1.000000
0.994431 0.056208 0.089149 -0.000000 -0.051151 0.997003 -0.058036 13.663900 -0.092144 0.053153 0.994326 -1.184000 0.000000 0.000000 0.000000 1.000000
0.995621 0.051209 0.078208 0.000000 -0.045486 0.996273 -0.073284 13.663900 -0.081669 0.069405 0.994240 -1.184000 0.000000 0.000000 0.000000 1.000000
0.997071 0.047019 0.060317 -0.000000 -0.041553 0.995175 -0.088880 13.663900 -0.064205 0.086114 0.994214 -1.184000 0.000000 0.000000 0.000000 1.000000
0.998233 0.042318 0.041715 0.000000 -0.037848 0.993994 -0.102679 13.663900 -0.045810 0.100919 0.993839 -1.184000 0.000000 0.000000 0.000000 1.000000
0.999031 0.036467 0.024657 -0.000000 -0.033353 0.992612 -0.116661 13.663900 -0.028729 0.115726 0.992866 -1.184000 0.000000 0.000000 0.000000 1.000000
0.999683 0.022247 0.011750 0.000000 -0.020595 0.991856 -0.125690 13.663900 -0.014450 0.125408 0.992000 -1.184000 0.000000 0.000000 0.000000 1.000000
0.999941 0.010701 0.001963 0.000000 -0.010340 0.990854 -0.134544 13.663900 -0.003385 0.134516 0.990906 -1.184000 0.000000 0.000000 0.000000 1.000000
0.999976 0.006676 -0.001560 0.000000 -0.006831 0.989543 -0.144079 13.663900 0.000582 0.144086 0.989565 -1.184000 0.000000 0.000000 0.000000 1.000000
0.999956 0.008141 -0.004645 0.000000 -0.008752 0.988361 -0.151873 13.663900 0.003355 0.151907 0.988389 -1.184000 0.000000 0.000000 0.000000 1.000000
0.999953 0.008300 -0.005005 -0.000000 -0.008998 0.986931 -0.160892 13.663900 0.003604 0.160930 0.986959 -1.184000 0.000000 0.000000 0.000000 1.000000
0.999958 0.005091 -0.007662 -0.000000 -0.006308 0.985724 -0.168250 13.663900 0.006696 0.168291 0.985715 -1.184000 0.000000 0.000000 0.000000 1.000000
0.999959 -0.001359 -0.008929 -0.000000 -0.000209 0.984859 -0.173356 13.663900 0.009030 0.173351 0.984819 -1.184000 0.000000 0.000000 0.000000 1.000000
0.999930 -0.007636 -0.009087 0.000000 0.005873 0.983587 -0.180338 13.663900 0.010314 0.180272 0.983563 -1.184000 0.000000 0.000000 0.000000 1.000000
0.999940 -0.009299 -0.005736 0.000000 0.008066 0.982419 -0.186516 13.663900 0.007370 0.186459 0.982435 -1.184000 0.000000 0.000000 0.000000 1.000000
0.999975 -0.006151 0.003511 0.000000 0.006708 0.981591 -0.190879 13.663900 -0.002272 0.190898 0.981607 -1.184000 0.000000 0.000000 0.000000 1.000000</float_array>
        <technique_common>
          <accessor source="#mixamorig_Spine-Matrix-animation-output-transform-array" count="34" stride="16">
            <param type="float4x4"/>
          </accessor>
        </technique_common>
      </source>
      <source id="mixamorig_Spine-Interpolations">
        <Name_array id="mixamorig_Spine-Interpolations-array" count="34">
 LINEAR LINEAR LINEAR LINEAR LINEAR LINEAR LINEAR LINEAR LINEAR LINEAR LINEAR
LINEAR LINEAR LINEAR LINEAR LINEAR LINEAR LINEAR LINEAR LINEAR LINEAR LINEAR LINEAR
LINEAR LINEAR LINEAR LINEAR LINEAR LINEAR LINEAR LINEAR LINEAR LINEAR LINEAR</Name_array>
        <technique_common>
          <accessor source="#mixamorig_Spine-Interpolations-array" count="34">
            <param type="name"/>
          </accessor>
        </technique_common>
      </source>
      <sampler id="mixamorig_Spine-Matrix-animation-transform">
        <input semantic="INPUT" source="#mixamorig_Spine-Matrix-animation-input"/>
        <input semantic="OUTPUT" source="#mixamorig_Spine-Matrix-animation-output-transform"/>
        <input semantic="INTERPOLATION" source="#mixamorig_Spine-Interpolations"/>
      </sampler>
      <channel source="#mixamorig_Spine-Matrix-animation-transform" target="mixamorig_Spine/matrix"/>
    </animation>
    <animation id="mixamorig_Spine1-anim" name="mixamorig_Spine1">
      <source id="mixamorig_Spine1-Matrix-animation-input">
        <float_array id="mixamorig_Spine1-Matrix-animation-input-array" count="34">

0.000000 0.033333 0.066667 0.100000 0.133333 0.166667 0.200000 0.233333 0.266667 0.300000 0.333333 0.366667 0.400000 0.433333 0.466667 0.500000
0.533333 0.566667 0.600000 0.633333 0.666667 0.700000 0.733333 0.766667 0.800000 0.833333 0.866667 0.900000 0.933333 0.966667 1.000000 1.033333
1.066667 1.100000</float_array>
        <technique_common>
          <accessor source="#mixamorig_Spine1-Matrix-animation-input-array" count="34">
            <param name="TIME" type="float"/>
          </accessor>
        </technique_common>
      </source>
      <source id="mixamorig_Spine1-Matrix-animation-output-transform">
        <float_array id="mixamorig_Spine1-Matrix-animation-output-transform-array" count="544">

0.999843 -0.016442 0.006632 0.000000 0.017720 0.938809 -0.343982 16.086300 -0.000571 0.344045 0.938953 0.000000 0.000000 0.000000 0.000000 1.000000
0.999468 -0.024575 -0.021452 0.000000 0.015932 0.941591 -0.336381 16.086300 0.028465 0.335860 0.941482 0.000000 0.000000 0.000000 0.000000 1.000000
0.998615 -0.023664 -0.046981 -0.000000 0.006958 0.944678 -0.327924 16.086300 0.052142 0.327143 0.943535 0.000000 0.000000 0.000000 0.000000 1.000000
0.997717 -0.009183 -0.066903 0.000000 -0.012412 0.948894 -0.315351 16.086300 0.066380 0.315462 0.946614 -0.000000 0.000000 0.000000 0.000000 1.000000
0.996991 0.009894 -0.076883 0.000000 -0.032757 0.952686 -0.302187 16.086300 0.070256 0.303796 0.950143 0.000000 0.000000 0.000000 0.000000 1.000000
0.996937 0.032468 -0.071147 0.000000 -0.052309 0.953132 -0.297998 16.086300 0.058137 0.300807 0.951911 0.000000 0.000000 0.000000 0.000000 1.000000
0.998164 0.047957 -0.036992 0.000000 -0.056825 0.952872 -0.298005 16.086300 0.020958 0.299560 0.953847 0.000000 0.000000 0.000000 0.000000 1.000000
0.997443 0.068965 0.018739 -0.000000 -0.060318 0.953030 -0.296809 16.086300 -0.038328 0.294919 0.954753 0.000000 0.000000 0.000000 0.000000 1.000000
0.993700 0.082451 0.075910 -0.000000 -0.058301 0.958756 -0.278187 16.086300 -0.095716 0.272009 0.957523 -0.000000 0.000000 0.000000 0.000000 1.000000
0.992663 0.086841 0.084138 -0.000000 -0.063074 0.965559 -0.252422 16.086300 -0.103161 0.245263 0.963952 0.000000 0.000000 0.000000 0.000000 1.000000
0.989298 0.091836 0.113383 0.000000 -0.064136 0.971683 -0.227419 16.086300 -0.131058 0.217713 0.967174 0.000000 0.000000 0.000000 0.000000 1.000000
0.981276 0.102518 0.163055 0.000000 -0.068817 0.977311 -0.200318 16.086300 -0.179892 0.185346 0.966067 -0.000000 0.000000 0.000000 0.000000 1.000000
0.977056 0.109640 0.182597 0.000000 -0.075700 0.980111 -0.183445 16.086300 -0.199078 0.165413 0.965923 0.000000 0.000000 0.000000 0.000000 1.000000
0.975925 0.114286 0.185768 -0.000000 -0.080534 0.980357 -0.180040 16.086300 -0.202695 0.160745 0.965959 0.000000 0.000000 0.000000 0.000000 1.000000
0.974723 0.120598 0.188072 0.000000 -0.085492 0.979064 -0.184727 16.086300 -0.206412 0.163979 0.964627 0.000000 0.000000 0.000000 0.000000 1.000000
0.974896 0.127043 0.182862 0.000000 -0.090687 0.976600 -0.195008 16.086300 -0.203358 0.173529 0.963604 -0.000000 0.000000 0.000000 0.000000 1.000000
0.976806 0.131903 0.168676 -0.000000 -0.094878 0.972809 -0.211284 16.086300 -0.191958 0.190380 0.962760 0.000000 0.000000 0.000000 0.000000 1.000000
0.978761 0.128353 0.159851 -0.000000 -0.089349 0.968871 -0.230880 16.086300 -0.184509 0.211694 0.959761 -0.000000 0.000000 0.000000 0.000000 1.000000
0.981468 0.118750 0.150399 -0.000000 -0.078920 0.965680 -0.247456 16.086300 -0.174622 0.231001 0.957155 0.000000 0.000000 0.000000 0.000000 1.000000
0.984483 0.107677 0.138563 0.000000 -0.068901 0.963388 -0.259107 16.086300 -0.161390 0.245540 0.955858 0.000000 0.000000 0.000000 0.000000 1.000000
0.987698 0.100738 0.119602 -0.000000 -0.064693 0.959561 -0.273966 16.086300 -0.142365 0.262858 0.954274 -0.000000 0.000000 0.000000 0.000000 1.000000
0.991754 0.094123 0.086971 0.000000 -0.065390 0.955328 -0.288221 16.086300 -0.110214 0.280158 0.953606 0.000000 0.000000 0.000000 0.000000 1.000000
0.994985 0.084331 0.053788 0.000000 -0.064606 0.952360 -0.298053 16.086300 -0.076360 0.293083 0.953033 -0.000000 0.000000 0.000000 0.000000 1.000000
0.997104 0.071887 0.024827 0.000000 -0.060786 0.949468 -0.307921 16.086300 -0.045708 0.305520 0.951088 -0.000000 0.000000 0.000000 0.000000 1.000000
0.999073 0.042748 0.005074 0.000000 -0.039092 0.950305 -0.308857 16.086300 -0.018025 0.308372 0.951095 0.000000 0.000000 0.000000 0.000000 1.000000
0.999758 0.019831 -0.009573 -0.000000 -0.021822 0.950463 -0.310072 16.086300 0.002949 0.310206 0.950665 0.000000 0.000000 0.000000 0.000000 1.000000
0.999840 0.012358 -0.012926 -0.000000 -0.015787 0.949537 -0.313257 16.086300 0.008403 0.313411 0.949580 0.000000 0.000000 0.000000 0.000000 1.000000
0.999758 0.015057 -0.016044 -0.000000 -0.019334 0.949273 -0.313857 16.086300 0.010504 0.314091 0.949335 0.000000 0.000000 0.000000 0.000000 1.000000
0.999815 0.013052 -0.014108 -0.000000 -0.016866 0.947799 -0.318421 16.086300 0.009216 0.318600 0.947844 -0.000000 0.000000 0.000000 0.000000 1.000000
0.999837 0.005334 -0.017252 0.000000 -0.010599 0.946841 -0.321526 16.086300 0.014620 0.321657 0.946743 0.000000 0.000000 0.000000 0.000000 1.000000
0.999795 -0.008319 -0.018455 -0.000000 0.001922 0.946551 -0.322549 16.086300 0.020152 0.322448 0.946373 0.000000 0.000000 0.000000 0.000000 1.000000
0.999619 -0.020606 -0.018350 0.000000 0.013414 0.944081 -0.329440 16.086300 0.024112 0.329068 0.943998 0.000000 0.000000 0.000000 0.000000 1.000000
0.999660 -0.023311 -0.011678 -0.000000 0.018012 0.941295 -0.337105 16.086300 0.018851 0.336780 0.941395 0.000000 0.000000 0.000000 0.000000 1.000000
0.999843 -0.016442 0.006632 0.000000 0.017720 0.938809 -0.343982 16.086300 -0.000571 0.344045 0.938953 0.000000 0.000000 0.000000 0.000000 1.000000</float_array>
        <technique_common>
          <accessor source="#mixamorig_Spine1-Matrix-animation-output-transform-array" count="34" stride="16">
            <param type="float4x4"/>
          </accessor>
        </technique_common>
      </source>
      <source id="mixamorig_Spine1-Interpolations">
        <Name_array id="mixamorig_Spine1-Interpolations-array" count="34">
 LINEAR LINEAR LINEAR LINEAR LINEAR LINEAR LINEAR LINEAR LINEAR LINEAR LINEAR
LINEAR LINEAR LINEAR LINEAR LINEAR LINEAR LINEAR LINEAR LINEAR LINEAR LINEAR LINEAR
LINEAR LINEAR LINEAR LINEAR LINEAR LINEAR LINEAR LINEAR LINEAR LINEAR LINEAR</Name_array>
        <technique_common>
          <accessor source="#mixamorig_Spine1-Interpolations-array" count="34">
            <param type="name"/>
          </accessor>
        </technique_common>
      </source>
      <sampler id="mixamorig_Spine1-Matrix-animation-transform">
        <input semantic="INPUT" source="#mixamorig_Spine1-Matrix-animation-input"/>
        <input semantic="OUTPUT" source="#mixamorig_Spine1-Matrix-animation-output-transform"/>
        <input semantic="INTERPOLATION" source="#mixamorig_Spine1-Interpolations"/>
      </sampler>
      <channel source="#mixamorig_Spine1-Matrix-animation-transform" target="mixamorig_Spine1/matrix"/>
    </animation>
    <animation id="mixamorig_Spine2-anim" name="mixamorig_Spine2">
      <source id="mixamorig_Spine2-Matrix-animation-input">
        <float_array id="mixamorig_Spine2-Matrix-animation-input-array" count="34">

0.000000 0.033333 0.066667 0.100000 0.133333 0.166667 0.200000 0.233333 0.266667 0.300000 0.333333 0.366667 0.400000 0.433333 0.466667 0.500000
0.533333 0.566667 0.600000 0.633333 0.666667 0.700000 0.733333 0.766667 0.800000 0.833333 0.866667 0.900000 0.933333 0.966667 1.000000 1.033333
1.066667 1.100000</float_array>
        <technique_common>
          <accessor source="#mixamorig_Spine2-Matrix-animation-input-array" count="34">
            <param name="TIME" type="float"/>
          </accessor>
        </technique_common>
      </source>
      <source id="mixamorig_Spine2-Matrix-animation-output-transform">
        <float_array id="mixamorig_Spine2-Matrix-animation-output-transform-array" count="544">

0.999849 -0.016194 0.006363 0.000000 0.017371 0.949952 -0.311913 11.811400 -0.000993 0.311976 0.950089 -0.000000 0.000000 0.000000 0.000000 1.000000
0.999489 -0.023099 -0.022091 0.000000 0.015227 0.951812 -0.306303 11.811400 0.028102 0.305810 0.951678 0.000000 0.000000 0.000000 0.000000 1.000000
0.998636 -0.020842 -0.047870 0.000000 0.005334 0.952798 -0.303558 11.811400 0.051937 0.302889 0.951610 0.000000 0.000000 0.000000 0.000000 1.000000
0.997676 -0.005390 -0.067920 0.000000 -0.015253 0.953894 -0.299754 11.811400 0.066404 0.300094 0.951596 -0.000000 0.000000 0.000000 0.000000 1.000000
0.996830 0.014024 -0.078317 -0.000000 -0.036818 0.953918 -0.297801 11.811400 0.070532 0.299741 0.951410 0.000000 0.000000 0.000000 0.000000 1.000000
0.996634 0.036447 -0.073431 0.000000 -0.057334 0.950120 -0.306571 11.811400 0.058595 0.309749 0.949011 -0.000000 0.000000 0.000000 0.000000 1.000000
0.997821 0.052128 -0.040443 0.000000 -0.062370 0.945171 -0.320563 11.811400 0.021516 0.322387 0.946363 0.000000 0.000000 0.000000 0.000000 1.000000
0.997117 0.074641 0.013645 -0.000000 -0.065828 0.940386 -0.333679 11.811400 -0.037738 0.331819 0.942588 0.000000 0.000000 0.000000 0.000000 1.000000
0.993460 0.090840 0.069175 0.000000 -0.063211 0.942096 -0.329333 11.811400 -0.095086 0.322806 0.941677 0.000000 0.000000 0.000000 0.000000 1.000000
0.992471 0.095794 0.076317 0.000000 -0.066934 0.946047 -0.317040 11.811400 -0.102570 0.309545 0.945337 0.000000 0.000000 0.000000 0.000000 1.000000
0.989188 0.102857 0.104530 -0.000000 -0.066704 0.950359 -0.303923 11.811400 -0.130602 0.293664 0.946945 -0.000000 0.000000 0.000000 0.000000 1.000000
0.981233 0.117769 0.152685 0.000000 -0.070120 0.955541 -0.286401 11.811400 -0.179626 0.270320 0.945866 -0.000000 0.000000 0.000000 0.000000 1.000000
0.977044 0.126823 0.171176 0.000000 -0.076059 0.958204 -0.275790 11.811400 -0.198998 0.256439 0.945854 0.000000 0.000000 0.000000 0.000000 1.000000
0.975925 0.131816 0.173769 -0.000000 -0.080534 0.958192 -0.274559 11.811400 -0.202695 0.253955 0.945739 0.000000 0.000000 0.000000 0.000000 1.000000
0.974717 0.138293 0.175506 0.000000 -0.085649 0.956703 -0.278180 11.811400 -0.206377 0.256115 0.944359 -0.000000 0.000000 0.000000 0.000000 1.000000
0.974867 0.144127 0.169889 0.000000 -0.091279 0.954006 -0.285554 11.811400 -0.203231 0.262870 0.943184 0.000000 0.000000 0.000000 0.000000 1.000000
0.976733 0.147542 0.155640 -0.000000 -0.096124 0.949939 -0.297282 11.811400 -0.191710 0.275404 0.942019 -0.000000 0.000000 0.000000 0.000000 1.000000
0.978641 0.143079 0.147613 0.000000 -0.091392 0.945995 -0.311033 11.811400 -0.184143 0.290899 0.938866 0.000000 0.000000 0.000000 0.000000 1.000000
0.981313 0.132517 0.139513 0.000000 -0.081822 0.943616 -0.320769 11.811400 -0.174154 0.303360 0.936826 -0.000000 0.000000 0.000000 0.000000 1.000000
0.984305 0.120294 0.129124 0.000000 -0.072642 0.942998 -0.324772 11.811400 -0.160832 0.310295 0.936936 0.000000 0.000000 0.000000 0.000000 1.000000
0.987481 0.111765 0.111314 -0.000000 -0.069179 0.941035 -0.331161 11.811400 -0.141762 0.319314 0.936985 0.000000 0.000000 0.000000 0.000000 1.000000
0.991474 0.102992 0.079823 0.000000 -0.070464 0.939072 -0.336421 11.811400 -0.109608 0.327928 0.938323 0.000000 0.000000 0.000000 0.000000 1.000000
0.994661 0.091413 0.047890 0.000000 -0.070061 0.938888 -0.337016 11.811400 -0.075771 0.331862 0.940280 0.000000 0.000000 0.000000 0.000000 1.000000
0.996771 0.077727 0.020170 -0.000000 -0.066391 0.938975 -0.337519 11.811400 -0.045173 0.335090 0.941103 0.000000 0.000000 0.000000 0.000000 1.000000
0.998851 0.047887 0.001863 -0.000000 -0.044604 0.943185 -0.329261 11.811400 -0.017525 0.328800 0.944237 -0.000000 0.000000 0.000000 0.000000 1.000000
0.999630 0.024482 -0.011889 0.000000 -0.027005 0.946553 -0.321417 11.811400 0.003385 0.321619 0.946863 0.000000 0.000000 0.000000 0.000000 1.000000
0.999753 0.016625 -0.014745 0.000000 -0.020433 0.948582 -0.315872 11.811400 0.008736 0.316095 0.948687 0.000000 0.000000 0.000000 0.000000 1.000000
0.999671 0.018840 -0.017381 0.000000 -0.023284 0.951007 -0.308293 11.811400 0.010722 0.308596 0.951133 0.000000 0.000000 0.000000 0.000000 1.000000
0.999756 0.016227 -0.014960 0.000000 -0.020023 0.951997 -0.305452 11.811400 0.009285 0.305677 0.952090 0.000000 0.000000 0.000000 0.000000 1.000000
0.999811 0.007936 -0.017774 0.000000 -0.012936 0.953190 -0.302096 11.811400 0.014545 0.302269 0.953112 0.000000 0.000000 0.000000 0.000000 1.000000
0.999801 -0.006275 -0.018937 0.000000 0.000352 0.954639 -0.297767 11.811400 0.019947 0.297701 0.954451 0.000000 0.000000 0.000000 0.000000 1.000000
0.999639 -0.019053 -0.018941 -0.000000 0.012479 0.953647 -0.300668 11.811400 0.023792 0.300323 0.953541 -0.000000 0.000000 0.000000 0.000000 1.000000
0.999676 -0.022311 -0.012220 -0.000000 0.017507 0.951919 -0.305850 11.811400 0.018456 0.305537 0.952001 0.000000 0.000000 0.000000 0.000000 1.000000
0.999849 -0.016194 0.006363 0.000000 0.017371 0.949952 -0.311913 11.811400 -0.000993 0.311977 0.950089 -0.000000 0.000000 0.000000 0.000000 1.000000</float_array>
        <technique_common>
          <accessor source="#mixamorig_Spine2-Matrix-animation-output-transform-array" count="34" stride="16">
            <param type="float4x4"/>
          </accessor>
        </technique_common>
      </source>
      <source id="mixamorig_Spine2-Interpolations">
        <Name_array id="mixamorig_Spine2-Interpolations-array" count="34">
 LINEAR LINEAR LINEAR LINEAR LINEAR LINEAR LINEAR LINEAR LINEAR LINEAR LINEAR
LINEAR LINEAR LINEAR LINEAR LINEAR LINEAR LINEAR LINEAR LINEAR LINEAR LINEAR LINEAR
LINEAR LINEAR LINEAR LINEAR LINEAR LINEAR LINEAR LINEAR LINEAR LINEAR LINEAR</Name_array>
        <technique_common>
          <accessor source="#mixamorig_Spine2-Interpolations-array" count="34">
            <param type="name"/>
          </accessor>
        </technique_common>
      </source>
      <sampler id="mixamorig_Spine2-Matrix-animation-transform">
        <input semantic="INPUT" source="#mixamorig_Spine2-Matrix-animation-input"/>
        <input semantic="OUTPUT" source="#mixamorig_Spine2-Matrix-animation-output-transform"/>
        <input semantic="INTERPOLATION" source="#mixamorig_Spine2-Interpolations"/>
      </sampler>
      <channel source="#mixamorig_Spine2-Matrix-animation-transform" target="mixamorig_Spine2/matrix"/>
    </animation>
    <animation id="mixamorig_Neck-anim" name="mixamorig_Neck">
      <source id="mixamorig_Neck-Matrix-animation-input">
        <float_array id="mixamorig_Neck-Matrix-animation-input-array" count="34">

0.000000 0.033333 0.066667 0.100000 0.133333 0.166667 0.200000 0.233333 0.266667 0.300000 0.333333 0.366667 0.400000 0.433333 0.466667 0.500000
0.533333 0.566667 0.600000 0.633333 0.666667 0.700000 0.733333 0.766667 0.800000 0.833333 0.866667 0.900000 0.933333 0.966667 1.000000 1.033333
1.066667 1.100000</float_array>
        <technique_common>
          <accessor source="#mixamorig_Neck-Matrix-animation-input-array" count="34">
            <param name="TIME" type="float"/>
          </accessor>
        </technique_common>
      </source>
      <source id="mixamorig_Neck-Matrix-animation-output-transform">
        <float_array id="mixamorig_Neck-Matrix-animation-output-transform-array" count="544">

0.999870 -0.002222 -0.015976 0.000000 0.001389 0.998646 -0.052008 29.693100 0.016070 0.051979 0.998519 7.256700 0.000000 0.000000 0.000000 1.000000
0.999476 0.032337 -0.001368 0.000000 -0.032357 0.999300 -0.018791 29.693100 0.000760 0.018825 0.999822 7.256700 0.000000 0.000000 0.000000 1.000000
0.993326 0.115051 0.008166 0.000000 -0.115047 0.993360 -0.000929 29.693100 -0.008219 -0.000017 0.999966 7.256700 0.000000 0.000000 0.000000 1.000000
0.983157 0.182762 0.000782 0.000000 -0.182555 0.981826 0.051886 29.693100 0.008715 -0.051155 0.998653 7.256700 0.000000 0.000000 0.000000 1.000000
0.975157 0.218345 -0.037342 0.000000 -0.215088 0.973624 0.076113 29.693100 0.052976 -0.066190 0.996400 7.256700 0.000000 0.000000 0.000000 1.000000
0.980399 0.173274 -0.093771 0.000000 -0.171486 0.984820 0.026866 29.693100 0.097003 -0.010259 0.995231 7.256700 0.000000 0.000000 0.000000 1.000000
0.970425 0.170034 -0.171356 0.000000 -0.193177 0.972668 -0.128837 29.693100 0.144766 0.158128 0.976749 7.256700 0.000000 0.000000 0.000000 1.000000
0.955110 0.167695 -0.244218 0.000000 -0.236411 0.928241 -0.287190 29.693100 0.178533 0.332034 0.926218 7.256700 0.000000 0.000000 0.000000 1.000000
0.936554 0.221345 -0.271796 0.000000 -0.314182 0.873905 -0.370917 29.693100 0.155424 0.432777 0.888002 7.256700 0.000000 0.000000 0.000000 1.000000
0.938455 0.218203 -0.267750 0.000000 -0.310995 0.871077 -0.380141 29.693100 0.150283 0.440014 0.885326 7.256700 0.000000 0.000000 0.000000 1.000000
0.951980 0.010978 -0.305963 -0.000000 -0.128135 0.921909 -0.365602 29.693100 0.278057 0.387251 0.879046 7.256700 0.000000 0.000000 0.000000 1.000000
0.889864 -0.220817 -0.399227 0.000000 0.117791 0.956596 -0.266553 29.693100 0.440759 0.190170 0.877250 7.256700 0.000000 0.000000 0.000000 1.000000
0.827489 -0.282833 -0.485044 -0.000000 0.251323 0.959068 -0.130483 29.693100 0.502095 -0.013930 0.864700 7.256700 0.000000 0.000000 0.000000 1.000000
0.823514 -0.268897 -0.499518 0.000000 0.254844 0.962031 -0.097734 29.693100 0.506832 -0.046814 0.860773 7.256700 0.000000 0.000000 0.000000 1.000000
0.834872 -0.238538 -0.496074 0.000000 0.215018 0.970948 -0.105016 29.693100 0.506712 -0.018990 0.861906 7.256700 0.000000 0.000000 0.000000 1.000000
0.842495 -0.215038 -0.493924 0.000000 0.191227 0.976543 -0.098975 29.693100 0.503622 -0.011066 0.863853 7.256700 0.000000 0.000000 0.000000 1.000000
0.844720 -0.214477 -0.490355 0.000000 0.195782 0.976522 -0.089853 29.693100 0.498114 -0.020102 0.866878 7.256700 0.000000 0.000000 0.000000 1.000000
0.845535 -0.222438 -0.485377 0.000000 0.213842 0.974071 -0.073879 29.693100 0.489225 -0.041327 0.871178 7.256700 0.000000 0.000000 0.000000 1.000000
0.845535 -0.243388 -0.475218 -0.000000 0.247655 0.967299 -0.054771 29.693100 0.473008 -0.071379 0.878162 7.256700 0.000000 0.000000 0.000000 1.000000
0.847976 -0.270679 -0.455709 0.000000 0.283984 0.957970 -0.040575 29.693100 0.447538 -0.095007 0.889204 7.256700 0.000000 0.000000 0.000000 1.000000
0.863612 -0.284009 -0.416549 -0.000000 0.301076 0.953253 -0.025734 29.693100 0.404385 -0.103189 0.908749 7.256700 0.000000 0.000000 0.000000 1.000000
0.899238 -0.255674 -0.354968 0.000000 0.274334 0.961632 0.002328 29.693100 0.340754 -0.099474 0.934875 7.256700 0.000000 0.000000 0.000000 1.000000
0.933269 -0.228705 -0.276952 0.000000 0.236805 0.971548 -0.004315 29.693100 0.270059 -0.061556 0.960874 7.256700 0.000000 0.000000 0.000000 1.000000
0.951018 -0.233819 -0.202222 0.000000 0.234596 0.971878 -0.020463 29.693100 0.201320 -0.027980 0.979126 7.256700 0.000000 0.000000 0.000000 1.000000
0.985300 -0.125340 -0.116077 0.000000 0.119054 0.991096 -0.059620 29.693100 0.122516 0.044924 0.991449 7.256700 0.000000 0.000000 0.000000 1.000000
0.998906 -0.020264 -0.042153 0.000000 0.016804 0.996582 -0.080884 29.693100 0.043648 0.080088 0.995832 7.256700 0.000000 0.000000 0.000000 1.000000
0.999335 0.035551 0.008094 -0.000000 -0.035102 0.998130 -0.050034 29.693100 -0.009858 0.049717 0.998715 7.256700 0.000000 0.000000 0.000000 1.000000
0.998578 0.035165 0.040057 0.000000 -0.034406 0.999218 -0.019483 29.693100 -0.040711 0.018077 0.999007 7.256700 0.000000 0.000000 0.000000 1.000000
0.997335 0.054286 0.048747 0.000000 -0.053015 0.998229 -0.026998 29.693100 -0.050126 0.024342 0.998446 7.256700 0.000000 0.000000 0.000000 1.000000
0.997685 0.050731 0.045284 0.000000 -0.048511 0.997627 -0.048860 29.693100 -0.047656 0.046550 0.997779 7.256700 0.000000 0.000000 0.000000 1.000000
0.999007 0.026628 0.035732 -0.000000 -0.023980 0.997073 -0.072594 29.693100 -0.037560 0.071665 0.996721 7.256700 0.000000 0.000000 0.000000 1.000000
0.999356 0.019583 0.030056 0.000000 -0.017668 0.997876 -0.062699 29.693100 -0.031220 0.062128 0.997580 7.256700 0.000000 0.000000 0.000000 1.000000
0.999502 0.027005 0.016312 -0.000000 -0.026038 0.998043 -0.056861 29.693100 -0.017816 0.056408 0.998249 7.256700 0.000000 0.000000 0.000000 1.000000
0.999870 -0.002222 -0.015976 0.000000 0.001389 0.998646 -0.052008 29.693100 0.016070 0.051979 0.998519 7.256700 0.000000 0.000000 0.000000 1.000000</float_array>
        <technique_common>
          <accessor source="#mixamorig_Neck-Matrix-animation-output-transform-array" count="34" stride="16">
            <param type="float4x4"/>
          </accessor>
        </technique_common>
      </source>
      <source id="mixamorig_Neck-Interpolations">
        <Name_array id="mixamorig_Neck-Interpolations-array" count="34">
 LINEAR LINEAR LINEAR LINEAR LINEAR LINEAR LINEAR LINEAR LINEAR LINEAR LINEAR
LINEAR LINEAR LINEAR LINEAR LINEAR LINEAR LINEAR LINEAR LINEAR LINEAR LINEAR LINEAR
LINEAR LINEAR LINEAR LINEAR LINEAR LINEAR LINEAR LINEAR LINEAR LINEAR LINEAR</Name_array>
        <technique_common>
          <accessor source="#mixamorig_Neck-Interpolations-array" count="34">
            <param type="name"/>
          </accessor>
        </technique_common>
      </source>
      <sampler id="mixamorig_Neck-Matrix-animation-transform">
        <input semantic="INPUT" source="#mixamorig_Neck-Matrix-animation-input"/>
        <input semantic="OUTPUT" source="#mixamorig_Neck-Matrix-animation-output-transform"/>
        <input semantic="INTERPOLATION" source="#mixamorig_Neck-Interpolations"/>
      </sampler>
      <channel source="#mixamorig_Neck-Matrix-animation-transform" target="mixamorig_Neck/matrix"/>
    </animation>
    <animation id="mixamorig_Head-anim" name="mixamorig_Head">
      <source id="mixamorig_Head-Matrix-animation-input">
        <float_array id="mixamorig_Head-Matrix-animation-input-array" count="34">

0.000000 0.033333 0.066667 0.100000 0.133333 0.166667 0.200000 0.233333 0.266667 0.300000 0.333333 0.366667 0.400000 0.433333 0.466667 0.500000
0.533333 0.566667 0.600000 0.633333 0.666667 0.700000 0.733333 0.766667 0.800000 0.833333 0.866667 0.900000 0.933333 0.966667 1.000000 1.033333
1.066667 1.100000</float_array>
        <technique_common>
          <accessor source="#mixamorig_Head-Matrix-animation-input-array" count="34">
            <param name="TIME" type="float"/>
          </accessor>
        </technique_common>
      </source>
      <source id="mixamorig_Head-Matrix-animation-output-transform">
        <float_array id="mixamorig_Head-Matrix-animation-output-transform-array" count="544">

0.998271 0.025294 0.053059 0.000000 -0.043165 0.928172 0.369639 7.448600 -0.039899 -0.371290 0.927659 6.409500 0.000000 0.000000 0.000000 1.000000
0.997168 0.021807 0.071981 0.000000 -0.048993 0.914473 0.401669 7.448600 -0.057066 -0.404058 0.912952 6.409500 0.000000 0.000000 0.000000 1.000000
0.997814 -0.007966 0.065604 0.000000 -0.020285 0.907871 0.418760 7.448600 -0.062896 -0.419175 0.905724 6.409500 0.000000 0.000000 0.000000 1.000000
0.998102 -0.052873 0.031576 0.000000 0.035865 0.915863 0.399887 7.448600 -0.050062 -0.397995 0.916020 6.409500 0.000000 0.000000 0.000000 1.000000
0.990203 -0.132113 -0.045209 -0.000000 0.139454 0.919199 0.368275 7.448600 -0.007098 -0.370972 0.928617 6.409500 0.000000 0.000000 0.000000 1.000000
0.973062 -0.209828 -0.095514 0.000000 0.229945 0.913181 0.336490 7.448600 0.016616 -0.349389 0.936831 6.409500 0.000000 0.000000 0.000000 1.000000
0.921486 -0.342841 -0.182548 -0.000000 0.386106 0.859686 0.334459 7.448600 0.042267 -0.378682 0.924561 6.409500 0.000000 0.000000 0.000000 1.000000
0.807030 -0.509318 -0.298827 0.000000 0.588961 0.730879 0.344878 7.448600 0.042754 -0.454324 0.889810 6.409500 0.000000 0.000000 0.000000 1.000000
0.676934 -0.644785 -0.354982 0.000000 0.734861 0.619373 0.276325 7.448600 0.041696 -0.447917 0.893102 6.409500 0.000000 0.000000 0.000000 1.000000
0.710760 -0.653737 -0.259709 0.000000 0.703368 0.655403 0.275174 7.448600 -0.009678 -0.378253 0.925652 6.409500 0.000000 0.000000 0.000000 1.000000
0.859443 -0.487531 -0.153857 0.000000 0.510792 0.806410 0.297983 7.448600 -0.021204 -0.334689 0.942090 6.409500 0.000000 0.000000 0.000000 1.000000
0.949838 -0.289002 -0.119522 0.000000 0.308403 0.929000 0.204565 7.448600 0.051916 -0.231165 0.971529 6.409500 0.000000 0.000000 0.000000 1.000000
0.968659 -0.210206 -0.132334 -0.000000 0.220424 0.973043 0.067828 7.448600 0.114509 -0.094872 0.988882 6.409500 0.000000 0.000000 0.000000 1.000000
0.958599 -0.241284 -0.151226 -0.000000 0.248764 0.968023 0.032377 7.448600 0.138578 -0.068657 0.987969 6.409500 0.000000 0.000000 0.000000 1.000000
0.949353 -0.270994 -0.159032 0.000000 0.277221 0.960639 0.017941 7.448600 0.147910 -0.061119 0.987110 6.409500 0.000000 0.000000 0.000000 1.000000
