<?xml version="1.0" encoding="utf-8"?>
<COLLADA xmlns="http://www.collada.org/2005/11/COLLADASchema" version="1.4.1">
  <asset>
    <contributor>
      <author>Mixamo</author>
      <authoring_tool>COLLADA Mixamo exporter</authoring_tool>
      <comments/>
    </contributor>
    <created>2024-08-19T10:13:41Z</created>
    <modified>2024-08-19T10:13:41Z</modified>
    <revision/>
    <title/>
    <unit meter="0.010000"/>
    <up_axis>Y_UP</up_axis>
  </asset>
  <library_animations>
    <animation id="mixamorig_Hips-anim" name="mixamorig_Hips">
      <source id="mixamorig_Hips-Matrix-animation-input">
        <float_array id="mixamorig_Hips-Matrix-animation-input-array" count="81">

0.000000 0.033333 0.066667 0.100000 0.133333 0.166667 0.200000 0.233333 0.266667 0.300000 0.333333 0.366667 0.400000 0.433333 0.466667 0.500000
0.533333 0.566667 0.600000 0.633333 0.666667 0.700000 0.733333 0.766667 0.800000 0.833333 0.866667 0.900000 0.933333 0.966667 1.000000 1.033333
1.066667 1.100000 1.133333 1.166667 1.200000 1.233333 1.266667 1.300000 1.333333 1.366667 1.400000 1.433333 1.466667 1.500000 1.533333 1.566667
1.600000 1.633333 1.666667 1.700000 1.733333 1.766667 1.800000 1.833333 1.866667 1.900000 1.933333 1.966667 2.000000 2.033333 2.066667 2.100000
2.133333 2.166667 2.200000 2.233333 2.266667 2.300000 2.333333 2.366667 2.400000 2.433333 2.466667 2.500000 2.533333 2.566667 2.600000 2.633333
2.666667</float_array>
        <technique_common>
          <accessor source="#mixamorig_Hips-Matrix-animation-input-array" count="81">
            <param name="TIME" type="float"/>
          </accessor>
        </technique_common>
      </source>
      <source id="mixamorig_Hips-Matrix-animation-output-transform">
        <float_array id="mixamorig_Hips-Matrix-animation-output-transform-array" count="1296">

0.999834 0.018217 0.000124 -0.037843 -0.018217 0.999824 0.004402 83.003082 -0.000044 -0.004403 0.999990 0.852251 0.000000 0.000000 0.000000 1.000000
0.999845 0.016138 0.007032 -0.135175 -0.016145 0.999869 0.000899 83.078720 -0.007016 -0.001012 0.999975 0.842050 0.000000 0.000000 0.000000 1.000000
0.999810 0.014837 0.012629 -0.385567 -0.014806 0.999887 -0.002503 83.263512 -0.012665 0.002316 0.999917 0.771089 0.000000 0.000000 0.000000 1.000000
0.999754 0.014379 0.016901 -0.774312 -0.014288 0.999883 -0.005506 83.524773 -0.016979 0.005263 0.999842 0.638526 0.000000 0.000000 0.000000 1.000000
0.999742 0.013773 0.018069 -1.297088 -0.013609 0.999865 -0.009196 83.838264 -0.018193 0.008948 0.999794 0.451593 0.000000 0.000000 0.000000 1.000000
0.999728 0.012287 0.019819 -1.944533 -0.012013 0.999831 -0.013890 84.170219 -0.019986 0.013648 0.999707 0.213513 0.000000 0.000000 0.000000 1.000000
0.999143 0.010987 0.039907 -3.066262 -0.010213 0.999757 -0.019540 84.655243 -0.040112 0.019115 0.999012 -0.291592 0.000000 0.000000 0.000000 1.000000
0.997383 0.009987 0.071606 -4.689293 -0.008291 0.999679 -0.023951 85.326584 -0.071822 0.023295 0.997145 -1.217982 0.000000 0.000000 0.000000 1.000000
0.994388 0.007950 0.105497 -6.791575 -0.004962 0.999580 -0.028557 86.183632 -0.105680 0.027874 0.994009 -2.518259 0.000000 0.000000 0.000000 1.000000
0.989919 0.009278 0.141331 -8.947426 -0.004625 0.999438 -0.033214 86.705734 -0.141559 0.032226 0.989405 -4.085615 0.000000 0.000000 0.000000 1.000000
0.983659 0.014105 0.179489 -10.810499 -0.007430 0.999257 -0.037808 86.565567 -0.179889 0.035857 0.983033 -5.867422 0.000000 0.000000 0.000000 1.000000
0.975108 0.022265 0.220608 -12.173870 -0.013286 0.999025 -0.042102 85.885353 -0.221331 0.038123 0.974453 -7.661910 0.000000 0.000000 0.000000 1.000000
0.963509 0.031245 0.265847 -13.130833 -0.019584 0.998731 -0.046403 85.124130 -0.266959 0.039503 0.962898 -9.243085 0.000000 0.000000 0.000000 1.000000
0.948037 0.036897 0.316015 -13.177654 -0.022150 0.998497 -0.050134 84.240051 -0.317390 0.040530 0.947429 -10.110520 0.000000 0.000000 0.000000 1.000000
0.927800 0.040963 0.370821 -12.438070 -0.023250 0.998371 -0.052113 83.087120 -0.372352 0.039729 0.927241 -10.462662 0.000000 0.000000 0.000000 1.000000
0.901571 0.046805 0.430092 -11.812037 -0.027104 0.998288 -0.051824 82.144913 -0.431781 0.035066 0.901296 -10.843067 0.000000 0.000000 0.000000 1.000000
0.867610 0.055397 0.494149 -11.523154 -0.034903 0.998108 -0.050612 81.358032 -0.496018 0.026665 0.867903 -11.406523 0.000000 0.000000 0.000000 1.000000
0.824034 0.067445 0.562512 -11.632172 -0.047629 0.997621 -0.049842 80.031013 -0.564535 0.014279 0.825286 -12.518081 0.000000 0.000000 0.000000 1.000000
0.756915 0.086007 0.647830 -12.006463 -0.071541 0.996249 -0.048677 78.016533 -0.649586 -0.009502 0.760229 -14.153247 0.000000 0.000000 0.000000 1.000000
0.685856 0.112417 0.719002 -12.528388 -0.100046 0.993181 -0.059852 75.762131 -0.720827 -0.030883 0.692426 -15.826264 0.000000 0.000000 0.000000 1.000000
0.651084 0.153170 0.743390 -13.128197 -0.129697 0.987473 -0.089869 73.744049 -0.747843 -0.037903 0.662793 -17.314545 0.000000 0.000000 0.000000 1.000000
0.643076 0.210752 0.736231 -13.614937 -0.163080 0.977022 -0.137235 72.016945 -0.748237 -0.031812 0.662669 -18.921143 0.000000 0.000000 0.000000 1.000000
0.642422 0.249702 0.724529 -13.974060 -0.184337 0.968019 -0.170171 70.892578 -0.743850 -0.024236 0.667907 -20.523073 0.000000 0.000000 0.000000 1.000000
0.644410 0.263359 0.717898 -14.282242 -0.193965 0.964413 -0.179682 70.295433 -0.739671 -0.023458 0.672559 -22.002584 0.000000 0.000000 0.000000 1.000000
0.650327 0.268280 0.710704 -14.610044 -0.200777 0.962996 -0.179797 69.902557 -0.732642 -0.025766 0.680127 -23.330347 0.000000 0.000000 0.000000 1.000000
0.660775 0.272562 0.699347 -14.885064 -0.205456 0.961832 -0.180738 69.727173 -0.721917 -0.024258 0.691554 -24.245861 0.000000 0.000000 0.000000 1.000000
0.674644 0.278741 0.683490 -15.051255 -0.206028 0.960267 -0.188255 69.841232 -0.708807 -0.013812 0.705267 -24.487610 0.000000 0.000000 0.000000 1.000000
0.691418 0.282589 0.664894 -15.086287 -0.200457 0.959231 -0.199233 70.440338 -0.694088 0.004471 0.719877 -24.195610 0.000000 0.000000 0.000000 1.000000
0.712197 0.279206 0.644065 -14.999025 -0.187666 0.959832 -0.208575 71.342384 -0.676430 0.027677 0.735987 -23.572508 0.000000 0.000000 0.000000 1.000000
0.738450 0.264993 0.620056 -15.063046 -0.166529 0.962730 -0.213116 72.137634 -0.653421 0.054118 0.755057 -21.413589 0.000000 0.000000 0.000000 1.000000
0.770580 0.239114 0.590788 -15.287196 -0.138097 0.967575 -0.211491 73.023300 -0.622202 0.081385 0.778615 -17.119438 0.000000 0.000000 0.000000 1.000000
0.806320 0.202043 0.555902 -15.546170 -0.107711 0.974291 -0.197875 74.040176 -0.581590 0.099673 0.807353 -11.585995 0.000000 0.000000 0.000000 1.000000
0.855539 0.142427 0.497763 -16.135870 -0.065772 0.983526 -0.168375 75.725288 -0.513544 0.111312 0.850812 -4.405183 0.000000 0.000000 0.000000 1.000000
0.912260 0.076954 0.402317 -16.985619 -0.024655 0.990729 -0.133598 78.633003 -0.408868 0.111957 0.905700 3.497901 0.000000 0.000000 0.000000 1.000000
0.956763 0.023215 0.289939 -17.532316 0.003214 0.995905 -0.090347 82.171532 -0.290849 0.087373 0.952771 9.921665 0.000000 0.000000 0.000000 1.000000
0.986798 -0.033661 0.158419 -17.871769 0.041511 0.998055 -0.046511 85.530075 -0.156546 0.052473 0.986276 16.337067 0.000000 0.000000 0.000000 1.000000
0.939549 -0.128095 -0.317552 -16.638819 0.101382 0.989876 -0.099339 87.616684 0.327062 0.061140 0.943023 30.891653 0.000000 0.000000 0.000000 1.000000
0.619648 -0.227097 -0.751308 -14.147329 0.118327 0.973315 -0.196612 87.894478 0.775909 0.032931 0.629985 44.215721 0.000000 0.000000 0.000000 1.000000
0.383799 -0.193344 -0.902949 -12.196318 0.052945 0.980834 -0.187516 84.982681 0.921897 0.024162 0.386680 54.003933 0.000000 0.000000 0.000000 1.000000
0.229164 -0.204521 -0.951659 -8.959713 -0.062337 0.972587 -0.224030 79.739822 0.971390 0.110664 0.210133 62.301018 0.000000 0.000000 0.000000 1.000000
0.105920 -0.255290 -0.961045 -6.300528 -0.126337 0.955195 -0.267660 73.836182 0.986316 0.149766 0.068922 65.520317 0.000000 0.000000 0.000000 1.000000
0.070693 -0.288655 -0.954820 -3.679013 -0.158825 0.941746 -0.296462 68.996384 0.984773 0.172607 0.020730 68.303429 0.000000 0.000000 0.000000 1.000000
0.057781 -0.312092 -0.948293 -1.103759 -0.181569 0.930753 -0.317382 66.296822 0.981679 0.190520 -0.002886 69.993050 0.000000 0.000000 0.000000 1.000000
0.062427 -0.325632 -0.943434 1.343302 -0.190569 0.923996 -0.331533 64.617935 0.979687 0.200486 -0.004373 70.505333 0.000000 0.000000 0.000000 1.000000
0.071106 -0.335300 -0.939424 3.474800 -0.195555 0.918845 -0.342756 63.606796 0.978112 0.208081 -0.000234 70.420090 0.000000 0.000000 0.000000 1.000000
0.084750 -0.333465 -0.938946 4.726599 -0.193509 0.918886 -0.343807 63.238590 0.977431 0.210832 0.013347 69.531967 0.000000 0.000000 0.000000 1.000000
0.100126 -0.331730 -0.938046 5.847149 -0.191787 0.918669 -0.345349 63.364220 0.976316 0.214483 0.028361 68.322136 0.000000 0.000000 0.000000 1.000000
0.117426 -0.322024 -0.939421 6.759204 -0.184033 0.922524 -0.339235 63.958138 0.975881 0.212719 0.049065 66.793381 0.000000 0.000000 0.000000 1.000000
0.136315 -0.305109 -0.942511 7.050645 -0.168971 0.930290 -0.325592 64.958954 0.976149 0.203640 0.075258 64.784126 0.000000 0.000000 0.000000 1.000000
0.157925 -0.285288 -0.945341 7.043745 -0.150326 0.939250 -0.308563 66.284317 0.975941 0.190839 0.105445 62.345566 0.000000 0.000000 0.000000 1.000000
0.185925 -0.265684 -0.945962 6.919573 -0.133003 0.947082 -0.292140 67.826813 0.973520 0.180132 0.140750 59.594761 0.000000 0.000000 0.000000 1.000000
0.221098 -0.248802 -0.942981 6.663591 -0.119187 0.952769 -0.279330 69.525314 0.967941 0.174150 0.181002 56.645748 0.000000 0.000000 0.000000 1.000000
0.296482 -0.236750 -0.925229 6.269861 -0.107128 0.954428 -0.278550 71.304794 0.949011 0.181703 0.257608 53.533127 0.000000 0.000000 0.000000 1.000000
0.404063 -0.227420 -0.886009 5.538545 -0.092583 0.953459 -0.286956 73.167274 0.910034 0.197978 0.364203 49.383850 0.000000 0.000000 0.000000 1.000000
0.522621 -0.219050 -0.823944 4.439016 -0.072030 0.951630 -0.298684 75.020958 0.849517 0.215447 0.481564 43.562794 0.000000 0.000000 0.000000 1.000000
0.626896 -0.204989 -0.751652 3.460868 -0.054377 0.950901 -0.304680 76.531113 0.777203 0.231876 0.584969 38.582226 0.000000 0.000000 0.000000 1.000000
0.709866 -0.186698 -0.679142 2.592695 -0.037481 0.952850 -0.301118 77.851952 0.703339 0.239209 0.669398 34.928162 0.000000 0.000000 0.000000 1.000000
0.780649 -0.166576 -0.602361 1.828690 -0.021557 0.956075 -0.292328 79.141037 0.624597 0.241191 0.742768 31.802725 0.000000 0.000000 0.000000 1.000000
0.839763 -0.144002 -0.523509 1.296985 -0.009324 0.960221 -0.279084 80.250107 0.542873 0.239246 0.805016 29.017450 0.000000 0.000000 0.000000 1.000000
0.887871 -0.124344 -0.442971 0.851300 0.004264 0.964970 -0.262324 81.446243 0.460072 0.231021 0.857300 26.229473 0.000000 0.000000 0.000000 1.000000
0.924733 -0.106349 -0.365457 0.546700 0.015459 0.969873 -0.243119 82.601906 0.380302 0.219171 0.898518 23.425816 0.000000 0.000000 0.000000 1.000000
0.951523 -0.089567 -0.294247 0.435729 0.022762 0.974544 -0.223040 83.618362 0.306733 0.205530 0.929340 20.574623 0.000000 0.000000 0.000000 1.000000
0.965633 -0.071023 -0.250018 0.641255 0.019760 0.979217 -0.201850 84.271469 0.259158 0.189972 0.946967 18.033840 0.000000 0.000000 0.000000 1.000000
0.975734 -0.056558 -0.211530 1.147223 0.016635 0.982420 -0.185941 84.481758 0.218328 0.177910 0.959521 15.586533 0.000000 0.000000 0.000000 1.000000
0.981792 -0.044497 -0.184672 1.850411 0.012448 0.985159 -0.171195 84.507477 0.189549 0.165779 0.967775 13.244034 0.000000 0.000000 0.000000 1.000000
0.986562 -0.034643 -0.159672 2.564393 0.009422 0.987699 -0.156081 84.392342 0.163115 0.152479 0.974753 10.967250 0.000000 0.000000 0.000000 1.000000
0.990252 -0.024718 -0.137080 3.239118 0.005227 0.990029 -0.140765 84.241013 0.139193 0.138677 0.980507 8.993851 0.000000 0.000000 0.000000 1.000000
0.993061 -0.016267 -0.116467 3.711068 0.001544 0.992105 -0.125403 83.812042 0.117587 0.124353 0.985246 7.263198 0.000000 0.000000 0.000000 1.000000
0.995175 -0.009282 -0.097680 3.878560 -0.001542 0.993913 -0.110157 83.149940 0.098108 0.109776 0.989103 5.618752 0.000000 0.000000 0.000000 1.000000
0.996729 -0.003345 -0.080753 3.897587 -0.004371 0.995450 -0.095187 82.511719 0.080704 0.095229 0.992179 3.805826 0.000000 0.000000 0.000000 1.000000
0.997838 0.001799 -0.065702 3.845905 -0.007108 0.996717 -0.080657 82.051025 0.065341 0.080950 0.994574 2.150910 0.000000 0.000000 0.000000 1.000000
0.998607 0.006193 -0.052403 3.718999 -0.009689 0.997724 -0.066730 81.824463 0.051870 0.067145 0.996394 1.147267 0.000000 0.000000 0.000000 1.000000
0.999117 0.009958 -0.040808 3.495653 -0.012140 0.998490 -0.053568 81.552078 0.040213 0.054016 0.997730 0.564087 0.000000 0.000000 0.000000 1.000000
0.999441 0.012975 -0.030813 3.207038 -0.014245 0.999044 -0.041336 81.359161 0.030247 0.041752 0.998670 0.116193 0.000000 0.000000 0.000000 1.000000
0.999635 0.015211 -0.022323 2.860979 -0.015882 0.999418 -0.030198 81.267616 0.021850 0.030541 0.999295 -0.203529 0.000000 0.000000 0.000000 1.000000
0.999743 0.016745 -0.015274 2.464656 -0.017053 0.999648 -0.020319 81.247925 0.014928 0.020574 0.999677 -0.373274 0.000000 0.000000 0.000000 1.000000
0.999796 0.017756 -0.009629 2.032043 -0.017870 0.999770 -0.011864 81.371964 0.009416 0.012033 0.999883 -0.376928 0.000000 0.000000 0.000000 1.000000
0.999816 0.018416 -0.005347 1.579812 -0.018443 0.999817 -0.004997 81.660179 0.005254 0.005095 0.999973 -0.240692 0.000000 0.000000 0.000000 1.000000
0.999821 0.018762 -0.002354 1.116068 -0.018761 0.999824 0.000115 82.066093 0.002356 -0.000070 0.999997 0.005907 0.000000 0.000000 0.000000 1.000000
0.999826 0.018621 -0.000545 0.547126 -0.018619 0.999821 0.003303 82.526955 0.000606 -0.003292 0.999994 0.374555 0.000000 0.000000 0.000000 1.000000
0.999834 0.018217 0.000124 -0.037839 -0.018218 0.999824 0.004402 83.003082 -0.000044 -0.004403 0.999990 0.852251 0.000000 0.000000 0.000000 1.000000</float_array>
        <technique_common>
          <accessor source="#mixamorig_Hips-Matrix-animation-output-transform-array" count="81" stride="16">
            <param type="float4x4"/>
          </accessor>
        </technique_common>
      </source>
      <source id="mixamorig_Hips-Interpolations">
        <Name_array id="mixamorig_Hips-Interpolations-array" count="81">
 LINEAR LINEAR LINEAR LINEAR LINEAR LINEAR LINEAR LINEAR LINEAR LINEAR LINEAR
LINEAR LINEAR LINEAR LINEAR LINEAR LINEAR LINEAR LINEAR LINEAR LINEAR LINEAR LINEAR
LINEAR LINEAR LINEAR LINEAR LINEAR LINEAR LINEAR LINEAR LINEAR LINEAR LINEAR LINEAR
LINEAR LINEAR LINEAR LINEAR LINEAR LINEAR LINEAR LINEAR LINEAR LINEAR LINEAR LINEAR
LINEAR LINEAR LINEAR LINEAR LINEAR LINEAR LINEAR LINEAR LINEAR LINEAR LINEAR LINEAR
LINEAR LINEAR LINEAR LINEAR LINEAR LINEAR LINEAR LINEAR LINEAR LINEAR LINEAR LINEAR
LINEAR LINEAR LINEAR LINEAR LINEAR LINEAR LINEAR LINEAR LINEAR LINEAR</Name_array>
        <technique_common>
          <accessor source="#mixamorig_Hips-Interpolations-array" count="81">
            <param type="name"/>
          </accessor>
        </technique_common>
      </source>
      <sampler id="mixamorig_Hips-Matrix-animation-transform">
        <input semantic="INPUT" source="#mixamorig_Hips-Matrix-animation-input"/>
        <input semantic="OUTPUT" source="#mixamorig_Hips-Matrix-animation-output-transform"/>
        <input semantic="INTERPOLATION" source="#mixamorig_Hips-Interpolations"/>
      </sampler>
      <channel source="#mixamorig_Hips-Matrix-animation-transform" target="mixamorig_Hips/matrix"/>
    </animation>
    <animation id="mixamorig_Spine-anim" name="mixamorig_Spine">
      <source id="mixamorig_Spine-Matrix-animation-input">
        <float_array id="mixamorig_Spine-Matrix-animation-input-array" count="81">

0.000000 0.033333 0.066667 0.100000 0.133333 0.166667 0.200000 0.233333 0.266667 0.300000 0.333333 0.366667 0.400000 0.433333 0.466667 0.500000
0.533333 0.566667 0.600000 0.633333 0.666667 0.700000 0.733333 0.766667 0.800000 0.833333 0.866667 0.900000 0.933333 0.966667 1.000000 1.033333
1.066667 1.100000 1.133333 1.166667 1.200000 1.233333 1.266667 1.300000 1.333333 1.366667 1.400000 1.433333 1.466667 1.500000 1.533333 1.566667
1.600000 1.633333 1.666667 1.700000 1.733333 1.766667 1.800000 1.833333 1.866667 1.900000 1.933333 1.966667 2.000000 2.033333 2.066667 2.100000
2.133333 2.166667 2.200000 2.233333 2.266667 2.300000 2.333333 2.366667 2.400000 2.433333 2.466667 2.500000 2.533333 2.566667 2.600000 2.633333
2.666667</float_array>
        <technique_common>
          <accessor source="#mixamorig_Spine-Matrix-animation-input-array" count="81">
            <param name="TIME" type="float"/>
          </accessor>
        </technique_common>
      </source>
      <source id="mixamorig_Spine-Matrix-animation-output-transform">
        <float_array id="mixamorig_Spine-Matrix-animation-output-transform-array" count="1296">

0.999974 -0.006282 0.003545 0.000000 0.006843 0.981590 -0.190879 13.663900 -0.002280 0.190898 0.981607 -1.184000 0.000000 0.000000 0.000000 1.000000
0.999970 -0.007291 0.002584 0.000000 0.007649 0.981829 -0.189615 13.663900 -0.001155 0.189629 0.981855 -1.184000 0.000000 0.000000 0.000000 1.000000
0.999950 -0.009973 0.000088 -0.000000 0.009815 0.982456 -0.186236 13.663900 0.001771 0.186228 0.982505 -1.184000 0.000000 0.000000 0.000000 1.000000
0.999901 -0.013698 -0.003284 0.000000 0.012876 0.983353 -0.181249 13.663900 0.005712 0.181189 0.983432 -1.184000 0.000000 0.000000 0.000000 1.000000
0.999818 -0.017756 -0.006907 0.000000 0.016273 0.984408 -0.175146 13.663900 0.009909 0.175002 0.984518 -1.184000 0.000000 0.000000 0.000000 1.000000
0.999719 -0.021425 -0.010142 0.000000 0.019412 0.985524 -0.168418 13.663900 0.013603 0.168174 0.985663 -1.184000 0.000000 0.000000 0.000000 1.000000
0.999645 -0.023618 -0.012339 0.000000 0.021335 0.986822 -0.160399 13.663900 0.015965 0.160079 0.986975 -1.184000 0.000000 0.000000 0.000000 1.000000
0.999557 -0.025614 -0.015137 -0.000000 0.023089 0.988666 -0.148344 13.663900 0.018765 0.147929 0.988820 -1.184000 0.000000 0.000000 0.000000 1.000000
0.999433 -0.027760 -0.019050 0.000000 0.024980 0.990767 -0.133256 13.663900 0.022574 0.132704 0.990899 -1.184000 0.000000 0.000000 0.000000 1.000000
0.999173 -0.033902 -0.022428 -0.000000 0.031073 0.992733 -0.116257 13.663900 0.026207 0.115464 0.992966 -1.184000 0.000000 0.000000 0.000000 1.000000
0.998752 -0.043234 -0.025025 0.000000 0.040576 0.994318 -0.098416 13.663900 0.029138 0.097277 0.994831 -1.184000 0.000000 0.000000 0.000000 1.000000
0.998164 -0.054418 -0.026612 0.000000 0.052129 0.995412 -0.080233 13.663900 0.030856 0.078699 0.996421 -1.184000 0.000000 0.000000 0.000000 1.000000
0.997549 -0.064105 -0.028028 0.000000 0.062239 0.996069 -0.063037 13.663900 0.031958 0.061138 0.997618 -1.184000 0.000000 0.000000 0.000000 1.000000
0.997249 -0.068284 -0.028855 0.000000 0.066916 0.996699 -0.045979 13.663900 0.031899 0.043922 0.998526 -1.184000 0.000000 0.000000 0.000000 1.000000
0.997199 -0.069652 -0.027250 -0.000000 0.068894 0.997235 -0.027862 13.663900 0.029115 0.025906 0.999240 -1.184000 0.000000 0.000000 0.000000 1.000000
0.997256 -0.070310 -0.023161 0.000000 0.070107 0.997494 -0.009477 13.663900 0.023770 0.007827 0.999687 -1.184000 0.000000 0.000000 0.000000 1.000000
0.997332 -0.071144 -0.016358 0.000000 0.071278 0.997426 0.007747 13.663900 0.015764 -0.008892 0.999836 -1.184000 0.000000 0.000000 0.000000 1.000000
0.997479 -0.070630 -0.006839 0.000000 0.070753 0.997297 0.019816 13.663900 0.005421 -0.020249 0.999780 -1.184000 0.000000 0.000000 0.000000 1.000000
0.997622 -0.068663 0.006012 0.000000 0.068492 0.997336 0.025113 13.663900 -0.007720 -0.024641 0.999667 -1.184000 0.000000 0.000000 0.000000 1.000000
0.998159 -0.052762 0.029916 -0.000000 0.052395 0.998543 0.012921 13.663900 -0.030555 -0.011329 0.999469 -1.184000 0.000000 0.000000 0.000000 1.000000
0.998374 -0.028581 0.049322 -0.000000 0.028689 0.999587 -0.001483 13.663900 -0.049259 0.002895 0.998782 -1.184000 0.000000 0.000000 0.000000 1.000000
0.996474 -0.010423 0.083254 0.000000 0.011198 0.999898 -0.008846 13.663900 -0.083153 0.009747 0.996489 -1.184000 0.000000 0.000000 0.000000 1.000000
0.993670 -0.003847 0.112276 0.000000 0.005083 0.999930 -0.010725 13.663900 -0.112227 0.011228 0.993619 -1.184000 0.000000 0.000000 0.000000 1.000000
0.992194 -0.005172 0.124598 -0.000000 0.007170 0.999853 -0.015598 13.663900 -0.124498 0.016369 0.992085 -1.184000 0.000000 0.000000 0.000000 1.000000
0.991593 -0.009368 0.129054 0.000000 0.012531 0.999640 -0.023713 13.663900 -0.128786 0.025131 0.991354 -1.184000 0.000000 0.000000 0.000000 1.000000
0.991352 -0.013970 0.130486 0.000000 0.018061 0.999380 -0.030228 13.663900 -0.129983 0.032323 0.990989 -1.184000 0.000000 0.000000 0.000000 1.000000
0.991034 -0.019027 0.132246 -0.000000 0.023268 0.999261 -0.030601 13.663900 -0.131566 0.033404 0.990744 -1.184000 0.000000 0.000000 0.000000 1.000000
0.990709 -0.026354 0.133421 0.000000 0.029932 0.999242 -0.024880 13.663900 -0.132664 0.028642 0.990747 -1.184000 0.000000 0.000000 0.000000 1.000000
0.990659 -0.036028 0.131518 0.000000 0.038372 0.999146 -0.015330 13.663900 -0.130853 0.020233 0.991195 -1.184000 0.000000 0.000000 0.000000 1.000000
0.989494 -0.038543 0.139343 0.000000 0.037924 0.999255 0.007100 13.663900 -0.139513 -0.001741 0.990219 -1.184000 0.000000 0.000000 0.000000 1.000000
0.988240 -0.042992 0.146742 -0.000000 0.038383 0.998681 0.034097 13.663900 -0.148014 -0.028063 0.988587 -1.184000 0.000000 0.000000 0.000000 1.000000
0.986095 -0.059240 0.155267 -0.000000 0.049781 0.996700 0.064121 13.663900 -0.158553 -0.055500 0.985789 -1.184000 0.000000 0.000000 0.000000 1.000000
0.983416 -0.093302 0.155526 -0.000000 0.073500 0.988976 0.128547 13.663900 -0.165805 -0.114984 0.979432 -1.184000 0.000000 0.000000 0.000000 1.000000
0.978944 -0.151951 0.136307 -0.000000 0.126368 0.975529 0.179930 13.663900 -0.160312 -0.158916 0.974190 -1.184000 0.000000 0.000000 0.000000 1.000000
0.967458 -0.225846 0.114102 0.000000 0.208023 0.966633 0.149487 13.663900 -0.144056 -0.120887 0.982158 -1.184000 0.000000 0.000000 0.000000 1.000000
0.964040 -0.246635 0.098990 0.000000 0.238348 0.967145 0.088438 13.663900 -0.117549 -0.061663 0.991151 -1.184000 0.000000 0.000000 0.000000 1.000000
0.953839 -0.275130 0.120395 0.000000 0.256333 0.954728 0.150957 13.663900 -0.156477 -0.113128 0.981182 -1.184000 0.000000 0.000000 0.000000 1.000000
0.956292 -0.202794 0.210668 0.000000 0.198934 0.979213 0.039583 13.663900 -0.214316 0.004056 0.976756 -1.184000 0.000000 0.000000 0.000000 1.000000
0.984959 -0.087314 0.149106 0.000000 0.110756 0.981376 -0.156951 13.663900 -0.132625 0.171104 0.976286 -1.184000 0.000000 0.000000 0.000000 1.000000
0.999703 0.014841 0.019325 0.000000 -0.010315 0.976297 -0.216191 13.663900 -0.022075 0.215928 0.976160 -1.184000 0.000000 0.000000 0.000000 1.000000
0.997395 0.055764 -0.045754 0.000000 -0.062653 0.984059 -0.166441 13.663900 0.035744 0.168874 0.984989 -1.184000 0.000000 0.000000 0.000000 1.000000
0.993480 0.058117 -0.098083 0.000000 -0.070985 0.988535 -0.133265 13.663900 0.089213 0.139359 0.986215 -1.184000 0.000000 0.000000 0.000000 1.000000
0.989996 0.056010 -0.129504 -0.000000 -0.070514 0.991397 -0.110267 13.663900 0.122214 0.118296 0.985429 -1.184000 0.000000 0.000000 0.000000 1.000000
0.988355 0.064319 -0.137901 0.000000 -0.077971 0.992323 -0.095997 13.663900 0.130668 0.105631 0.985783 -1.184000 0.000000 0.000000 0.000000 1.000000
0.987066 0.074999 -0.141687 -0.000000 -0.088101 0.992166 -0.088573 13.663900 0.133934 0.099911 0.985941 -1.184000 0.000000 0.000000 0.000000 1.000000
0.986384 0.078278 -0.144637 -0.000000 -0.091382 0.992071 -0.086287 13.663900 0.136736 0.098329 0.985715 -1.184000 0.000000 0.000000 0.000000 1.000000
0.986746 0.082280 -0.139865 0.000000 -0.094920 0.991743 -0.086235 13.663900 0.131615 0.098368 0.986408 -1.184000 0.000000 0.000000 0.000000 1.000000
0.988515 0.078919 -0.128878 0.000000 -0.091035 0.991682 -0.090991 13.663900 0.120625 0.101678 0.987477 -1.184000 0.000000 0.000000 0.000000 1.000000
0.990876 0.073574 -0.112927 0.000000 -0.084195 0.992161 -0.092352 13.663900 0.105247 0.101017 0.989302 -1.184000 0.000000 0.000000 0.000000 1.000000
0.993022 0.068149 -0.096248 0.000000 -0.077069 0.992751 -0.092230 13.663900 0.089265 0.099005 0.991075 -1.184000 0.000000 0.000000 0.000000 1.000000
0.994660 0.063605 -0.081282 0.000000 -0.071049 0.993200 -0.092232 13.663900 0.074863 0.097514 0.992415 -1.184000 0.000000 0.000000 0.000000 1.000000
0.995745 0.058430 -0.071257 0.000000 -0.064914 0.993607 -0.092363 13.663900 0.065405 0.096596 0.993172 -1.184000 0.000000 0.000000 0.000000 1.000000
0.997501 0.040485 -0.057896 0.000000 -0.045436 0.995179 -0.086921 13.663900 0.054098 0.089335 0.994531 -1.184000 0.000000 0.000000 0.000000 1.000000
0.999176 0.016652 -0.037010 0.000000 -0.019486 0.996796 -0.077576 13.663900 0.035600 0.078233 0.996299 -1.184000 0.000000 0.000000 0.000000 1.000000
0.999835 0.007754 -0.016401 0.000000 -0.008877 0.997541 -0.069514 13.663900 0.015821 0.069649 0.997446 -1.184000 0.000000 0.000000 0.000000 1.000000
0.999835 -0.016866 0.006787 0.000000 0.017238 0.998105 -0.059066 13.663900 -0.005778 0.059174 0.998231 -1.184000 0.000000 0.000000 0.000000 1.000000
0.998612 -0.047118 0.023544 0.000000 0.048106 0.997903 -0.043317 13.663900 -0.021454 0.044389 0.998784 -1.184000 0.000000 0.000000 0.000000 1.000000
0.996736 -0.075242 0.029265 -0.000000 0.075966 0.996810 -0.024479 13.663900 -0.027330 0.026622 0.999272 -1.184000 0.000000 0.000000 0.000000 1.000000
0.995234 -0.096492 0.014115 0.000000 0.096607 0.995293 -0.007724 13.663900 -0.013304 0.009051 0.999871 -1.184000 0.000000 0.000000 0.000000 1.000000
0.993971 -0.109538 -0.004708 0.000000 0.109571 0.993952 0.007332 13.663900 0.003876 -0.007803 0.999962 -1.184000 0.000000 0.000000 0.000000 1.000000
0.992803 -0.118908 -0.014254 0.000000 0.119146 0.992727 0.017218 13.663900 0.012103 -0.018792 0.999750 -1.184000 0.000000 0.000000 0.000000 1.000000
0.991914 -0.125222 -0.020620 0.000000 0.125515 0.991999 0.013552 13.663900 0.018758 -0.016031 0.999696 -1.184000 0.000000 0.000000 0.000000 1.000000
0.990878 -0.132467 -0.024747 0.000000 0.132523 0.991180 0.000639 13.663900 0.024444 -0.003913 0.999694 -1.184000 0.000000 0.000000 0.000000 1.000000
0.990150 -0.137470 -0.026541 0.000000 0.137248 0.990486 -0.010001 13.663900 0.027663 0.006260 0.999598 -1.184000 0.000000 0.000000 0.000000 1.000000
0.990252 -0.136774 -0.026336 0.000000 0.136181 0.990414 -0.023127 13.663900 0.029247 0.019315 0.999386 -1.184000 0.000000 0.000000 0.000000 1.000000
0.991044 -0.131090 -0.025456 0.000000 0.130042 0.990733 -0.039215 13.663900 0.030361 0.035554 0.998906 -1.184000 0.000000 0.000000 0.000000 1.000000
0.992229 -0.122262 -0.023115 0.000000 0.120750 0.990973 -0.058246 13.663900 0.030028 0.055002 0.998035 -1.184000 0.000000 0.000000 0.000000 1.000000
0.993830 -0.109125 -0.019825 0.000000 0.107241 0.991071 -0.079235 13.663900 0.028294 0.076620 0.996659 -1.184000 0.000000 0.000000 0.000000 1.000000
0.995513 -0.093248 -0.016068 0.000000 0.091184 0.990767 -0.100332 13.663900 0.025275 0.098417 0.994824 -1.184000 0.000000 0.000000 0.000000 1.000000
0.996947 -0.077116 -0.012244 -0.000000 0.075107 0.989972 -0.119647 13.663900 0.021347 0.118362 0.992741 -1.184000 0.000000 0.000000 0.000000 1.000000
0.998010 -0.062464 -0.008647 0.000000 0.060709 0.988827 -0.136148 13.663900 0.017055 0.135353 0.990651 -1.184000 0.000000 0.000000 0.000000 1.000000
0.998738 -0.049926 -0.005519 -0.000000 0.048540 0.987541 -0.149688 13.663900 0.012924 0.149231 0.988718 -1.184000 0.000000 0.000000 0.000000 1.000000
0.999211 -0.039619 -0.002873 0.000000 0.038644 0.986269 -0.160559 13.663900 0.009195 0.160321 0.987022 -1.184000 0.000000 0.000000 0.000000 1.000000
0.999514 -0.031180 -0.000745 -0.000000 0.030604 0.985112 -0.169168 13.663900 0.006009 0.169062 0.985587 -1.184000 0.000000 0.000000 0.000000 1.000000
0.999705 -0.024268 0.000868 0.000000 0.024042 0.984115 -0.175897 13.663900 0.003415 0.175866 0.984408 -1.184000 0.000000 0.000000 0.000000 1.000000
0.999824 -0.018659 0.002022 0.000000 0.018717 0.983293 -0.181068 13.663900 0.001391 0.181073 0.983469 -1.184000 0.000000 0.000000 0.000000 1.000000
0.999894 -0.014259 0.002819 -0.000000 0.014534 0.982643 -0.184935 13.663900 -0.000133 0.184956 0.982747 -1.184000 0.000000 0.000000 0.000000 1.000000
0.999934 -0.011000 0.003352 -0.000000 0.011434 0.982159 -0.187703 13.663900 -0.001227 0.187729 0.982220 -1.184000 0.000000 0.000000 0.000000 1.000000
0.999955 -0.008729 0.003655 0.000000 0.009264 0.981831 -0.189532 13.663900 -0.001934 0.189558 0.981868 -1.184000 0.000000 0.000000 0.000000 1.000000
0.999968 -0.007127 0.003688 0.000000 0.007699 0.981646 -0.190557 13.663900 -0.002262 0.190579 0.981669 -1.184000 0.000000 0.000000 0.000000 1.000000
0.999974 -0.006282 0.003545 -0.000000 0.006843 0.981590 -0.190879 13.663900 -0.002280 0.190898 0.981607 -1.184000 0.000000 0.000000 0.000000 1.000000</float_array>
        <technique_common>
          <accessor source="#mixamorig_Spine-Matrix-animation-output-transform-array" count="81" stride="16">
            <param type="float4x4"/>
          </accessor>
        </technique_common>
      </source>
      <source id="mixamorig_Spine-Interpolations">
        <Name_array id="mixamorig_Spine-Interpolations-array" count="81">
 LINEAR LINEAR LINEAR LINEAR LINEAR LINEAR LINEAR LINEAR LINEAR LINEAR LINEAR
LINEAR LINEAR LINEAR LINEAR LINEAR LINEAR LINEAR LINEAR LINEAR LINEAR LINEAR LINEAR
LINEAR LINEAR LINEAR LINEAR LINEAR LINEAR LINEAR LINEAR LINEAR LINEAR LINEAR LINEAR
LINEAR LINEAR LINEAR LINEAR LINEAR LINEAR LINEAR LINEAR LINEAR LINEAR LINEAR LINEAR
LINEAR LINEAR LINEAR LINEAR LINEAR LINEAR LINEAR LINEAR LINEAR LINEAR LINEAR LINEAR
LINEAR LINEAR LINEAR LINEAR LINEAR LINEAR LINEAR LINEAR LINEAR LINEAR LINEAR LINEAR
LINEAR LINEAR LINEAR LINEAR LINEAR LINEAR LINEAR LINEAR LINEAR LINEAR</Name_array>
        <technique_common>
          <accessor source="#mixamorig_Spine-Interpolations-array" count="81">
            <param type="name"/>
          </accessor>
        </technique_common>
      </source>
      <sampler id="mixamorig_Spine-Matrix-animation-transform">
        <input semantic="INPUT" source="#mixamorig_Spine-Matrix-animation-input"/>
        <input semantic="OUTPUT" source="#mixamorig_Spine-Matrix-animation-output-transform"/>
        <input semantic="INTERPOLATION" source="#mixamorig_Spine-Interpolations"/>
      </sampler>
      <channel source="#mixamorig_Spine-Matrix-animation-transform" target="mixamorig_Spine/matrix"/>
    </animation>
    <animation id="mixamorig_Spine1-anim" name="mixamorig_Spine1">
      <source id="mixamorig_Spine1-Matrix-animation-input">
        <float_array id="mixamorig_Spine1-Matrix-animation-input-array" count="81">

0.000000 0.033333 0.066667 0.100000 0.133333 0.166667 0.200000 0.233333 0.266667 0.300000 0.333333 0.366667 0.400000 0.433333 0.466667 0.500000
0.533333 0.566667 0.600000 0.633333 0.666667 0.700000 0.733333 0.766667 0.800000 0.833333 0.866667 0.900000 0.933333 0.966667 1.000000 1.033333
1.066667 1.100000 1.133333 1.166667 1.200000 1.233333 1.266667 1.300000 1.333333 1.366667 1.400000 1.433333 1.466667 1.500000 1.533333 1.566667
1.600000 1.633333 1.666667 1.700000 1.733333 1.766667 1.800000 1.833333 1.866667 1.900000 1.933333 1.966667 2.000000 2.033333 2.066667 2.100000
2.133333 2.166667 2.200000 2.233333 2.266667 2.300000 2.333333 2.366667 2.400000 2.433333 2.466667 2.500000 2.533333 2.566667 2.600000 2.633333
2.666667</float_array>
        <technique_common>
          <accessor source="#mixamorig_Spine1-Matrix-animation-input-array" count="81">
            <param name="TIME" type="float"/>
          </accessor>
        </technique_common>
      </source>
      <source id="mixamorig_Spine1-Matrix-animation-output-transform">
        <float_array id="mixamorig_Spine1-Matrix-animation-output-transform-array" count="1296">

0.999843 -0.016442 0.006632 0.000000 0.017720 0.938809 -0.343982 16.086300 -0.000571 0.344045 0.938953 0.000000 0.000000 0.000000 0.000000 1.000000
0.999839 -0.016971 0.005827 0.000000 0.017940 0.939357 -0.342471 16.086300 0.000339 0.342521 0.939510 -0.000000 0.000000 0.000000 0.000000 1.000000
0.999825 -0.018308 0.003777 0.000000 0.018506 0.940781 -0.338510 16.086300 0.002644 0.338521 0.940955 -0.000000 0.000000 0.000000 0.000000 1.000000
0.999797 -0.020127 0.001035 0.000000 0.019324 0.942783 -0.332847 16.086300 0.005723 0.332799 0.942980 0.000000 0.000000 0.000000 0.000000 1.000000
0.999754 -0.022097 -0.001848 0.000000 0.020285 0.945076 -0.326221 16.086300 0.008955 0.326103 0.945292 0.000000 0.000000 0.000000 0.000000 1.000000
0.999705 -0.023896 -0.004320 -0.000000 0.021265 0.947385 -0.319389 16.086300 0.011725 0.319203 0.947614 0.000000 0.000000 0.000000 0.000000 1.000000
0.999666 -0.025204 -0.005685 0.000000 0.022168 0.949709 -0.312348 16.086300 0.013271 0.312118 0.949951 0.000000 0.000000 0.000000 0.000000 1.000000
0.999618 -0.026784 -0.006801 -0.000000 0.023469 0.952772 -0.302779 16.086300 0.014589 0.302503 0.953037 0.000000 0.000000 0.000000 0.000000 1.000000
0.999549 -0.028920 -0.008070 0.000000 0.025319 0.956350 -0.291125 16.086300 0.016137 0.290789 0.956651 -0.000000 0.000000 0.000000 0.000000 1.000000
0.999454 -0.031685 -0.009391 -0.000000 0.027826 0.960149 -0.278101 16.086300 0.017828 0.277687 0.960506 0.000000 0.000000 0.000000 0.000000 1.000000
0.999326 -0.035010 -0.011013 0.000000 0.030856 0.963923 -0.264388 16.086300 0.019872 0.263870 0.964353 0.000000 0.000000 0.000000 0.000000 1.000000
0.999186 -0.038289 -0.012679 0.000000 0.033901 0.967574 -0.250302 16.086300 0.021852 0.249669 0.968085 0.000000 0.000000 0.000000 0.000000 1.000000
0.999035 -0.041393 -0.014721 0.000000 0.036734 0.970844 -0.236879 16.086300 0.024097 0.236110 0.971428 0.000000 0.000000 0.000000 0.000000 1.000000
0.998919 -0.043885 -0.015342 0.000000 0.039348 0.973850 -0.223757 16.086300 0.024761 0.222912 0.974524 0.000000 0.000000 0.000000 0.000000 1.000000
0.998881 -0.045624 -0.012499 0.000000 0.041985 0.976780 -0.210092 16.086300 0.021794 0.209332 0.977602 0.000000 0.000000 0.000000 0.000000 1.000000
0.998883 -0.046601 -0.007881 0.000000 0.044156 0.979619 -0.195951 16.086300 0.016852 0.195384 0.980582 0.000000 0.000000 0.000000 0.000000 1.000000
0.998911 -0.046656 -0.000681 0.000000 0.045745 0.982080 -0.182827 16.086300 0.009198 0.182597 0.983145 0.000000 0.000000 0.000000 0.000000 1.000000
0.998946 -0.045255 0.007626 0.000000 0.045891 0.983791 -0.173347 16.086300 0.000342 0.173514 0.984831 -0.000000 0.000000 0.000000 0.000000 1.000000
0.998954 -0.042507 0.016850 0.000000 0.044743 0.984665 -0.168618 16.086300 -0.009424 0.169195 0.985537 -0.000000 0.000000 0.000000 0.000000 1.000000
0.998965 -0.031854 0.032473 0.000000 0.037095 0.983645 -0.176258 16.086300 -0.026327 0.177280 0.983808 0.000000 0.000000 0.000000 0.000000 1.000000
0.998856 -0.012637 0.046121 0.000000 0.020954 0.982597 -0.184565 16.086300 -0.042986 0.185320 0.981737 0.000000 0.000000 0.000000 0.000000 1.000000
0.997465 0.006224 0.070890 0.000000 0.007149 0.982363 -0.186845 16.086300 -0.070803 0.186878 0.979828 -0.000000 0.000000 0.000000 0.000000 1.000000
0.995639 0.014748 0.092113 0.000000 0.002742 0.982370 -0.186927 16.086300 -0.093246 0.186365 0.978046 0.000000 0.000000 0.000000 0.000000 1.000000
0.994703 0.015450 0.101623 -0.000000 0.004273 0.981570 -0.191053 16.086300 -0.102702 0.190476 0.976305 0.000000 0.000000 0.000000 0.000000 1.000000
0.994339 0.013720 0.105361 -0.000000 0.007466 0.980155 -0.198094 16.086300 -0.105988 0.197759 0.974504 0.000000 0.000000 0.000000 0.000000 1.000000
0.994209 0.011576 0.106836 -0.000000 0.010459 0.979037 -0.203413 16.086300 -0.106951 0.203353 0.973247 0.000000 0.000000 0.000000 0.000000 1.000000
0.994033 0.009370 0.108676 0.000000 0.013018 0.978992 -0.203481 16.086300 -0.108300 0.203682 0.973029 0.000000 0.000000 0.000000 0.000000 1.000000
0.993893 0.006578 0.110151 -0.000000 0.015575 0.979864 -0.199055 16.086300 -0.109243 0.199555 0.973778 0.000000 0.000000 0.000000 0.000000 1.000000
0.993967 0.002651 0.109643 0.000000 0.018569 0.981207 -0.192061 16.086300 -0.108092 0.192938 0.975239 0.000000 0.000000 0.000000 0.000000 1.000000
0.992608 0.005248 0.121250 0.000000 0.015916 0.984807 -0.172923 16.086300 -0.120316 0.173574 0.977444 0.000000 0.000000 0.000000 0.000000 1.000000
0.990935 0.004174 0.134274 0.000000 0.016062 0.988666 -0.149271 16.086300 -0.133375 0.150075 0.979637 0.000000 0.000000 0.000000 0.000000 1.000000
0.988840 -0.004814 0.148904 0.000000 0.023438 0.992059 -0.123572 16.086300 -0.147126 0.125683 0.981100 0.000000 0.000000 0.000000 0.000000 1.000000
0.986582 -0.026191 0.161153 -0.000000 0.039765 0.995872 -0.081595 16.086300 -0.158351 0.086908 0.983551 0.000000 0.000000 0.000000 0.000000 1.000000
0.985001 -0.063994 0.160245 -0.000000 0.072398 0.996260 -0.047160 16.086300 -0.156628 0.058054 0.985950 -0.000000 0.000000 0.000000 0.000000 1.000000
0.982644 -0.107705 0.151029 0.000000 0.117901 0.991197 -0.060236 16.086300 -0.143212 0.076997 0.986692 0.000000 0.000000 0.000000 0.000000 1.000000
0.987050 -0.106421 0.120032 0.000000 0.118957 0.987583 -0.102610 16.086300 -0.107622 0.115560 0.987453 0.000000 0.000000 0.000000 0.000000 1.000000
0.986343 -0.030802 0.161797 0.000000 0.047834 0.993587 -0.102454 16.086300 -0.157603 0.108795 0.981491 0.000000 0.000000 0.000000 0.000000 1.000000
0.976309 -0.056270 0.208936 0.000000 0.081678 0.989997 -0.115039 16.086300 -0.200373 0.129379 0.971139 -0.000000 0.000000 0.000000 0.000000 1.000000
0.986782 -0.043462 0.156116 0.000000 0.074515 0.977171 -0.198956 16.086300 -0.143905 0.207960 0.967494 0.000000 0.000000 0.000000 0.000000 1.000000
0.998913 0.000881 0.046608 -0.000000 0.011276 0.965565 -0.259916 16.086300 -0.045232 0.260159 0.964506 0.000000 0.000000 0.000000 0.000000 1.000000
0.999641 0.018515 -0.019373 0.000000 -0.022865 0.966330 -0.256288 16.086300 0.013975 0.256639 0.966406 0.000000 0.000000 0.000000 0.000000 1.000000
0.997863 0.021089 -0.061852 0.000000 -0.036126 0.966739 -0.253202 16.086300 0.054455 0.254895 0.965434 -0.000000 0.000000 0.000000 0.000000 1.000000
0.996330 0.023386 -0.082333 0.000000 -0.043448 0.966985 -0.251100 16.086300 0.073742 0.253756 0.964453 0.000000 0.000000 0.000000 0.000000 1.000000
0.996225 0.035493 -0.079217 0.000000 -0.053904 0.968261 -0.244058 16.086300 0.068040 0.247407 0.966520 0.000000 0.000000 0.000000 0.000000 1.000000
0.995969 0.046375 -0.076778 0.000000 -0.063698 0.968328 -0.241421 16.086300 0.063150 0.245338 0.967378 0.000000 0.000000 0.000000 0.000000 1.000000
0.995707 0.048664 -0.078734 -0.000000 -0.066519 0.967715 -0.243109 16.086300 0.064361 0.247303 0.966798 -0.000000 0.000000 0.000000 0.000000 1.000000
0.995732 0.053570 -0.075154 0.000000 -0.070535 0.966864 -0.245356 16.086300 0.059520 0.249610 0.966516 0.000000 0.000000 0.000000 0.000000 1.000000
0.996149 0.054453 -0.068715 0.000000 -0.070041 0.965678 -0.250120 16.086300 0.052737 0.253969 0.965773 0.000000 0.000000 0.000000 0.000000 1.000000
0.996818 0.053457 -0.059123 0.000000 -0.066765 0.965158 -0.253007 16.086300 0.043538 0.256149 0.965656 0.000000 0.000000 0.000000 0.000000 1.000000
0.997472 0.050943 -0.049534 0.000000 -0.061961 0.964846 -0.255408 16.086300 0.034782 0.257831 0.965564 -0.000000 0.000000 0.000000 0.000000 1.000000
0.997963 0.048261 -0.041725 0.000000 -0.057417 0.964528 -0.257661 16.086300 0.027810 0.259532 0.965334 -0.000000 0.000000 0.000000 0.000000 1.000000
0.998283 0.044469 -0.038120 0.000000 -0.052860 0.964331 -0.259367 16.086300 0.025226 0.260936 0.965026 -0.000000 0.000000 0.000000 0.000000 1.000000
0.998770 0.033860 -0.036212 0.000000 -0.042031 0.965677 -0.256324 16.086300 0.026290 0.257531 0.965912 0.000000 0.000000 0.000000 0.000000 1.000000
