<?xml version="1.0" encoding="utf-8"?>
<COLLADA xmlns="http://www.collada.org/2005/11/COLLADASchema" version="1.4.1">
  <asset>
    <contributor>
      <author>Mixamo</author>
      <authoring_tool>COLLADA Mixamo exporter</authoring_tool>
      <comments/>
    </contributor>
    <created>2024-08-19T10:25:03Z</created>
    <modified>2024-08-19T10:25:03Z</modified>
    <revision/>
    <title/>
    <unit meter="0.010000"/>
    <up_axis>Y_UP</up_axis>
  </asset>
  <library_animations>
    <animation id="mixamorig_Hips-anim" name="mixamorig_Hips">
      <source id="mixamorig_Hips-Matrix-animation-input">
        <float_array id="mixamorig_Hips-Matrix-animation-input-array" count="27">

0.000000 0.033333 0.066667 0.100000 0.133333 0.166667 0.200000 0.233333 0.266667 0.300000 0.333333 0.366667 0.400000 0.433333 0.466667 0.500000
0.533333 0.566667 0.600000 0.633333 0.666667 0.700000 0.733333 0.766667 0.800000 0.833333 0.866667</float_array>
        <technique_common>
          <accessor source="#mixamorig_Hips-Matrix-animation-input-array" count="27">
            <param name="TIME" type="float"/>
          </accessor>
        </technique_common>
      </source>
      <source id="mixamorig_Hips-Matrix-animation-output-transform">
        <float_array id="mixamorig_Hips-Matrix-animation-output-transform-array" count="432">

0.996384 -0.002688 -0.084924 -0.015147 -0.026707 0.938935 -0.343058 82.391457 0.080661 0.344085 0.935467 0.848333 0.000000 0.000000 0.000000 1.000000
0.992334 -0.031743 -0.119442 -0.325956 -0.013864 0.931760 -0.362810 84.694099 0.122808 0.361685 0.924177 0.984812 0.000000 0.000000 0.000000 1.000000
0.987038 -0.053940 -0.151151 -0.441780 -0.008723 0.922402 -0.386132 86.667114 0.160250 0.382445 0.909976 1.333109 0.000000 0.000000 0.000000 1.000000
0.982411 -0.066310 -0.174562 -0.449630 -0.013001 0.908268 -0.418187 88.748581 0.186279 0.413100 0.891430 1.896272 0.000000 0.000000 0.000000 1.000000
0.979691 -0.070314 -0.187782 -0.380657 -0.025320 0.885624 -0.463713 90.775818 0.198910 0.459050 0.865857 2.596622 0.000000 0.000000 0.000000 1.000000
0.979055 -0.079370 -0.187490 -0.299661 -0.025561 0.865680 -0.499945 92.337891 0.201987 0.494266 0.845519 2.440156 0.000000 0.000000 0.000000 1.000000
0.978141 -0.090372 -0.187277 -0.244066 -0.018296 0.859727 -0.510426 93.546219 0.207135 0.502695 0.839281 1.838948 0.000000 0.000000 0.000000 1.000000
0.975428 -0.097321 -0.197656 -0.334358 -0.014844 0.866076 -0.499691 94.339569 0.219816 0.490347 0.843351 1.623524 0.000000 0.000000 0.000000 1.000000
0.972158 -0.096708 -0.213439 -0.099064 -0.016995 0.879365 -0.475845 93.767311 0.233709 0.466224 0.853238 1.492476 0.000000 0.000000 0.000000 1.000000
0.972014 -0.088329 -0.217684 0.632172 -0.016996 0.897755 -0.440168 90.456306 0.234306 0.431549 0.871129 1.154642 0.000000 0.000000 0.000000 1.000000
0.978651 -0.082297 -0.188332 1.342695 -0.005395 0.905730 -0.423820 83.577148 0.205457 0.415788 0.885950 0.907843 0.000000 0.000000 0.000000 1.000000
0.990030 -0.083634 -0.113341 2.093850 0.026704 0.901502 -0.431950 77.454544 0.138303 0.424617 0.894747 0.820440 0.000000 0.000000 0.000000 1.000000
0.997135 -0.074333 -0.014009 3.019336 0.062011 0.909370 -0.411341 75.954788 0.043316 0.409294 0.911374 0.778465 0.000000 0.000000 0.000000 1.000000
0.995208 -0.062606 0.075114 3.592139 0.086807 0.919262 -0.383955 77.725227 -0.045012 0.388635 0.920292 0.692408 0.000000 0.000000 0.000000 1.000000
0.990429 -0.048995 0.129037 4.075183 0.092907 0.928028 -0.360738 80.953735 -0.102075 0.369273 0.923698 0.760386 0.000000 0.000000 0.000000 1.000000
0.990533 -0.027404 0.134512 4.582429 0.072624 0.936129 -0.344075 84.740997 -0.116492 0.350587 0.929257 0.868697 0.000000 0.000000 0.000000 1.000000
0.993714 -0.007398 0.111704 4.799603 0.046446 0.935129 -0.351251 88.747345 -0.101859 0.354231 0.929594 1.034755 0.000000 0.000000 0.000000 1.000000
0.996104 0.004676 0.088057 4.979872 0.027471 0.932445 -0.360266 92.669052 -0.083793 0.361282 0.928684 1.274232 0.000000 0.000000 0.000000 1.000000
0.996854 0.019680 0.076777 4.823766 0.009478 0.932135 -0.361988 94.864883 -0.078690 0.361577 0.929016 1.089374 0.000000 0.000000 0.000000 1.000000
0.995809 0.038496 0.082959 4.415555 -0.006261 0.933663 -0.358097 95.060287 -0.091241 0.356077 0.929991 0.482097 0.000000 0.000000 0.000000 1.000000
0.994139 0.057107 0.091795 3.728894 -0.021891 0.937842 -0.346371 91.462692 -0.105869 0.342332 0.933596 -0.113599 0.000000 0.000000 0.000000 1.000000
0.993774 0.066889 0.089096 2.949863 -0.034020 0.943707 -0.329028 85.903687 -0.106089 0.323949 0.940108 -0.533120 0.000000 0.000000 0.000000 1.000000
0.995415 0.070420 0.064736 1.787902 -0.046841 0.948928 -0.311995 80.639145 -0.083400 0.307532 0.947876 -0.788542 0.000000 0.000000 0.000000 1.000000
0.997255 0.069122 0.026528 0.746804 -0.056899 0.944769 -0.322761 77.927094 -0.047372 0.320366 0.946109 -0.369576 0.000000 0.000000 0.000000 1.000000
0.998315 0.056731 -0.012177 0.307513 -0.057612 0.944225 -0.324222 78.088104 -0.006895 0.324377 0.945903 0.071234 0.000000 0.000000 0.000000 1.000000
0.998263 0.032176 -0.049351 0.015856 -0.046675 0.943077 -0.329283 79.793365 0.035946 0.331015 0.942941 0.510524 0.000000 0.000000 0.000000 1.000000
0.996382 -0.002603 -0.084945 -0.018543 -0.026795 0.938931 -0.343061 82.395805 0.080651 0.344096 0.935464 0.849098 0.000000 0.000000 0.000000 1.000000</float_array>
        <technique_common>
          <accessor source="#mixamorig_Hips-Matrix-animation-output-transform-array" count="27" stride="16">
            <param type="float4x4"/>
          </accessor>
        </technique_common>
      </source>
      <source id="mixamorig_Hips-Interpolations">
        <Name_array id="mixamorig_Hips-Interpolations-array" count="27">
 LINEAR LINEAR LINEAR LINEAR LINEAR LINEAR LINEAR LINEAR LINEAR LINEAR LINEAR
LINEAR LINEAR LINEAR LINEAR LINEAR LINEAR LINEAR LINEAR LINEAR LINEAR LINEAR LINEAR
LINEAR LINEAR LINEAR LINEAR</Name_array>
        <technique_common>
          <accessor source="#mixamorig_Hips-Interpolations-array" count="27">
            <param type="name"/>
          </accessor>
        </technique_common>
      </source>
      <sampler id="mixamorig_Hips-Matrix-animation-transform">
        <input semantic="INPUT" source="#mixamorig_Hips-Matrix-animation-input"/>
        <input semantic="OUTPUT" source="#mixamorig_Hips-Matrix-animation-output-transform"/>
        <input semantic="INTERPOLATION" source="#mixamorig_Hips-Interpolations"/>
      </sampler>
      <channel source="#mixamorig_Hips-Matrix-animation-transform" target="mixamorig_Hips/matrix"/>
    </animation>
    <animation id="mixamorig_Spine-anim" name="mixamorig_Spine">
      <source id="mixamorig_Spine-Matrix-animation-input">
        <float_array id="mixamorig_Spine-Matrix-animation-input-array" count="27">

0.000000 0.033333 0.066667 0.100000 0.133333 0.166667 0.200000 0.233333 0.266667 0.300000 0.333333 0.366667 0.400000 0.433333 0.466667 0.500000
0.533333 0.566667 0.600000 0.633333 0.666667 0.700000 0.733333 0.766667 0.800000 0.833333 0.866667</float_array>
        <technique_common>
          <accessor source="#mixamorig_Spine-Matrix-animation-input-array" count="27">
            <param name="TIME" type="float"/>
          </accessor>
        </technique_common>
      </source>
      <source id="mixamorig_Spine-Matrix-animation-output-transform">
        <float_array id="mixamorig_Spine-Matrix-animation-output-transform-array" count="432">

0.993664 -0.050213 0.100554 0.000000 0.079620 0.945935 -0.314432 13.663900 -0.079329 0.320445 0.943939 -1.184000 0.000000 0.000000 0.000000 1.000000
0.990332 -0.009459 0.138394 -0.000000 0.051336 0.951829 -0.302301 13.663900 -0.128868 0.306483 0.943113 -1.184000 0.000000 0.000000 0.000000 1.000000
0.984336 0.032714 0.173242 0.000000 0.019660 0.956138 -0.292255 13.663900 -0.175204 0.291083 0.940518 -1.184000 0.000000 0.000000 0.000000 1.000000
0.976963 0.073356 0.200407 0.000000 -0.013810 0.958829 -0.283647 13.663900 -0.212963 0.274345 0.937753 -1.184000 0.000000 0.000000 0.000000 1.000000
0.969907 0.098268 0.222765 0.000000 -0.044228 0.970821 -0.235693 13.663900 -0.239426 0.218748 0.945952 -1.184000 0.000000 0.000000 0.000000 1.000000
0.964628 0.125265 0.231953 -0.000000 -0.078712 0.976614 -0.200074 13.663900 -0.251591 0.174739 0.951929 -1.184000 0.000000 0.000000 0.000000 1.000000
0.958718 0.158113 0.236347 0.000000 -0.115260 0.975895 -0.185321 13.663900 -0.259952 0.150429 0.953832 -1.184000 0.000000 0.000000 0.000000 1.000000
0.950403 0.196482 0.241098 -0.000000 -0.152879 0.970196 -0.188009 13.663900 -0.270853 0.141826 0.952116 -1.184000 0.000000 0.000000 0.000000 1.000000
0.944316 0.222168 0.242712 -0.000000 -0.173994 0.963228 -0.204739 13.663900 -0.279273 0.151108 0.948247 -1.184000 0.000000 0.000000 0.000000 1.000000
0.945226 0.222818 0.238539 -0.000000 -0.169607 0.959643 -0.224317 13.663900 -0.278894 0.171572 0.944871 -1.184000 0.000000 0.000000 0.000000 1.000000
0.952625 0.206907 0.222924 0.000000 -0.152229 0.958895 -0.239472 13.663900 -0.263309 0.194192 0.944964 -1.184000 0.000000 0.000000 0.000000 1.000000
0.966738 0.186319 0.175225 0.000000 -0.138738 0.957539 -0.252729 13.663900 -0.214873 0.220012 0.951538 -1.184000 0.000000 0.000000 0.000000 1.000000
0.984425 0.144729 0.099806 0.000000 -0.114122 0.957903 -0.263435 13.663900 -0.133732 0.247942 0.959500 -1.184000 0.000000 0.000000 0.000000 1.000000
0.994449 0.102193 0.025073 0.000000 -0.091203 0.955951 -0.278999 13.663900 -0.052480 0.275164 0.959964 -1.184000 0.000000 0.000000 0.000000 1.000000
0.997773 0.059557 -0.030027 -0.000000 -0.065845 0.951342 -0.301020 13.663900 0.010639 0.302327 0.953145 -1.184000 0.000000 0.000000 0.000000 1.000000
0.998085 0.020187 -0.058473 0.000000 -0.037868 0.946833 -0.319489 13.663900 0.048914 0.321092 0.945784 -1.184000 0.000000 0.000000 0.000000 1.000000
0.997276 -0.007316 -0.073403 0.000000 -0.016386 0.948237 -0.317140 13.663900 0.071924 0.317479 0.945534 -1.184000 0.000000 0.000000 0.000000 1.000000
0.995526 -0.032503 -0.088718 0.000000 0.003943 0.952441 -0.304697 13.663900 0.094402 0.302984 0.948308 -1.184000 0.000000 0.000000 0.000000 1.000000
0.993184 -0.062002 -0.098694 -0.000000 0.030945 0.956653 -0.289582 13.663900 0.112370 0.284554 0.952051 -1.184000 0.000000 0.000000 0.000000 1.000000
0.989981 -0.096211 -0.103345 0.000000 0.064329 0.958874 -0.276446 13.663900 0.125692 0.267028 0.955457 -1.184000 0.000000 0.000000 0.000000 1.000000
0.986958 -0.125391 -0.100955 0.000000 0.094281 0.958555 -0.268854 13.663900 0.130483 0.255829 0.957876 -1.184000 0.000000 0.000000 0.000000 1.000000
0.986337 -0.140116 -0.086640 -0.000000 0.111620 0.955210 -0.274070 13.663900 0.121161 0.260655 0.957799 -1.184000 0.000000 0.000000 0.000000 1.000000
0.989821 -0.133557 -0.049172 0.000000 0.112294 0.945157 -0.306707 13.663900 0.087438 0.298063 0.950533 -1.184000 0.000000 0.000000 0.000000 1.000000
0.993098 -0.116958 -0.008755 0.000000 0.107325 0.936334 -0.334305 13.663900 0.047297 0.331058 0.942424 -1.184000 0.000000 0.000000 0.000000 1.000000
0.994316 -0.101947 0.030703 -0.000000 0.106344 0.936922 -0.332969 13.663900 0.005179 0.334342 0.942438 -1.184000 0.000000 0.000000 0.000000 1.000000
0.994547 -0.079969 0.066939 0.000000 0.097341 0.942172 -0.320681 13.663900 -0.037423 0.325448 0.944819 -1.184000 0.000000 0.000000 0.000000 1.000000
0.993657 -0.050222 0.100612 0.000000 0.079647 0.945932 -0.314433 13.663900 -0.079380 0.320452 0.943933 -1.184000 0.000000 0.000000 0.000000 1.000000</float_array>
        <technique_common>
          <accessor source="#mixamorig_Spine-Matrix-animation-output-transform-array" count="27" stride="16">
            <param type="float4x4"/>
          </accessor>
        </technique_common>
      </source>
      <source id="mixamorig_Spine-Interpolations">
        <Name_array id="mixamorig_Spine-Interpolations-array" count="27">
 LINEAR LINEAR LINEAR LINEAR LINEAR LINEAR LINEAR LINEAR LINEAR LINEAR LINEAR
LINEAR LINEAR LINEAR LINEAR LINEAR LINEAR LINEAR LINEAR LINEAR LINEAR LINEAR LINEAR
LINEAR LINEAR LINEAR LINEAR</Name_array>
        <technique_common>
          <accessor source="#mixamorig_Spine-Interpolations-array" count="27">
            <param type="name"/>
          </accessor>
        </technique_common>
      </source>
      <sampler id="mixamorig_Spine-Matrix-animation-transform">
        <input semantic="INPUT" source="#mixamorig_Spine-Matrix-animation-input"/>
        <input semantic="OUTPUT" source="#mixamorig_Spine-Matrix-animation-output-transform"/>
        <input semantic="INTERPOLATION" source="#mixamorig_Spine-Interpolations"/>
      </sampler>
      <channel source="#mixamorig_Spine-Matrix-animation-transform" target="mixamorig_Spine/matrix"/>
    </animation>
    <animation id="mixamorig_Spine1-anim" name="mixamorig_Spine1">
      <source id="mixamorig_Spine1-Matrix-animation-input">
        <float_array id="mixamorig_Spine1-Matrix-animation-input-array" count="27">

0.000000 0.033333 0.066667 0.100000 0.133333 0.166667 0.200000 0.233333 0.266667 0.300000 0.333333 0.366667 0.400000 0.433333 0.466667 0.500000
0.533333 0.566667 0.600000 0.633333 0.666667 0.700000 0.733333 0.766667 0.800000 0.833333 0.866667</float_array>
        <technique_common>
          <accessor source="#mixamorig_Spine1-Matrix-animation-input-array" count="27">
            <param name="TIME" type="float"/>
          </accessor>
        </technique_common>
      </source>
      <source id="mixamorig_Spine1-Matrix-animation-output-transform">
        <float_array id="mixamorig_Spine1-Matrix-animation-output-transform-array" count="432">

0.996040 -0.087028 -0.018174 -0.000000 0.078254 0.955210 -0.285394 16.086300 0.042197 0.282842 0.958238 -0.000000 0.000000 0.000000 0.000000 1.000000
0.997623 -0.068837 -0.003205 0.000000 0.065340 0.959666 -0.273444 16.086300 0.021899 0.272585 0.961883 0.000000 0.000000 0.000000 0.000000 1.000000
0.998805 -0.047818 0.010123 0.000000 0.048801 0.964023 -0.261299 16.086300 0.002736 0.261481 0.965205 0.000000 0.000000 0.000000 0.000000 1.000000
0.999414 -0.025780 0.022520 0.000000 0.030601 0.967691 -0.250277 16.086300 -0.015340 0.250819 0.967912 0.000000 0.000000 0.000000 0.000000 1.000000
0.999341 -0.008878 0.035204 0.000000 0.016610 0.974012 -0.225889 16.086300 -0.032283 0.226324 0.973517 0.000000 0.000000 0.000000 0.000000 1.000000
0.998826 -0.000112 0.048448 -0.000000 0.009934 0.979225 -0.202533 16.086300 -0.047419 0.202777 0.978076 -0.000000 0.000000 0.000000 0.000000 1.000000
0.998158 0.005642 0.060401 -0.000000 0.005735 0.982428 -0.186553 16.086300 -0.060392 0.186556 0.980586 -0.000000 0.000000 0.000000 0.000000 1.000000
0.997463 0.016800 0.069178 -0.000000 -0.003803 0.982941 -0.183879 16.086300 -0.071087 0.183150 0.980512 0.000000 0.000000 0.000000 0.000000 1.000000
0.996955 0.029601 0.072147 0.000000 -0.015047 0.980792 -0.194476 16.086300 -0.076518 0.192798 0.978250 -0.000000 0.000000 0.000000 0.000000 1.000000
0.996987 0.037956 0.067655 0.000000 -0.023039 0.977650 -0.208975 16.086300 -0.074075 0.206786 0.975578 0.000000 0.000000 0.000000 0.000000 1.000000
0.997497 0.043742 0.055549 -0.000000 -0.030336 0.974442 -0.222581 16.086300 -0.063865 0.220339 0.973330 0.000000 0.000000 0.000000 0.000000 1.000000
0.998411 0.043592 0.035713 0.000000 -0.033953 0.971121 -0.236161 16.086300 -0.044977 0.234573 0.971057 0.000000 0.000000 0.000000 0.000000 1.000000
0.999527 0.028914 0.010444 0.000000 -0.025400 0.968103 -0.249261 16.086300 -0.017318 0.248878 0.968380 0.000000 0.000000 0.000000 0.000000 1.000000
0.999851 0.008805 -0.014870 0.000000 -0.012403 0.964809 -0.262660 16.086300 0.012034 0.262805 0.964774 0.000000 0.000000 0.000000 0.000000 1.000000
0.999208 -0.014415 -0.037097 0.000000 0.003619 0.961150 -0.276004 16.086300 0.039634 0.275651 0.960440 -0.000000 0.000000 0.000000 0.000000 1.000000
0.997775 -0.034605 -0.056985 -0.000000 0.016879 0.958012 -0.286231 16.086300 0.064497 0.284632 0.956465 0.000000 0.000000 0.000000 0.000000 1.000000
0.995972 -0.046460 -0.076688 -0.000000 0.022442 0.957231 -0.288454 16.086300 0.086810 0.285571 0.954418 0.000000 0.000000 0.000000 0.000000 1.000000
0.993930 -0.052858 -0.096482 0.000000 0.023580 0.958987 -0.282468 16.086300 0.107455 0.278479 0.954412 0.000000 0.000000 0.000000 0.000000 1.000000
0.991863 -0.053173 -0.115678 0.000000 0.020262 0.962954 -0.268904 16.086300 0.125691 0.264372 0.956195 -0.000000 0.000000 0.000000 0.000000 1.000000
0.990076 -0.052440 -0.130385 -0.000000 0.018704 0.968689 -0.247573 16.086300 0.139285 0.242677 0.960056 -0.000000 0.000000 0.000000 0.000000 1.000000
0.989291 -0.056012 -0.134781 0.000000 0.023072 0.971836 -0.234525 16.086300 0.144121 0.228904 0.962721 0.000000 0.000000 0.000000 0.000000 1.000000
0.989693 -0.065752 -0.127218 -0.000000 0.033455 0.969937 -0.241047 16.086300 0.139243 0.234307 0.962139 0.000000 0.000000 0.000000 0.000000 1.000000
0.991124 -0.076659 -0.108612 0.000000 0.044431 0.961030 -0.272849 16.086300 0.125296 0.265601 0.955906 -0.000000 0.000000 0.000000 0.000000 1.000000
0.992458 -0.088876 -0.084427 -0.000000 0.060611 0.954428 -0.292222 16.086300 0.106551 0.284901 0.952617 0.000000 0.000000 0.000000 0.000000 1.000000
0.993384 -0.099017 -0.058163 -0.000000 0.077407 0.951494 -0.297769 16.086300 0.084826 0.291297 0.952864 0.000000 0.000000 0.000000 0.000000 1.000000
0.994371 -0.100002 -0.035004 0.000000 0.085516 0.952566 -0.292072 16.086300 0.062551 0.287435 0.955756 0.000000 0.000000 0.000000 0.000000 1.000000
0.996043 -0.086998 -0.018178 0.000000 0.078222 0.955210 -0.285404 16.086300 0.042193 0.282852 0.958235 0.000000 0.000000 0.000000 0.000000 1.000000</float_array>
        <technique_common>
          <accessor source="#mixamorig_Spine1-Matrix-animation-output-transform-array" count="27" stride="16">
            <param type="float4x4"/>
          </accessor>
        </technique_common>
      </source>
      <source id="mixamorig_Spine1-Interpolations">
        <Name_array id="mixamorig_Spine1-Interpolations-array" count="27">
 LINEAR LINEAR LINEAR LINEAR LINEAR LINEAR LINEAR LINEAR LINEAR LINEAR LINEAR
LINEAR LINEAR LINEAR LINEAR LINEAR LINEAR LINEAR LINEAR LINEAR LINEAR LINEAR LINEAR
LINEAR LINEAR LINEAR LINEAR</Name_array>
        <technique_common>
          <accessor source="#mixamorig_Spine1-Interpolations-array" count="27">
            <param type="name"/>
          </accessor>
        </technique_common>
      </source>
      <sampler id="mixamorig_Spine1-Matrix-animation-transform">
        <input semantic="INPUT" source="#mixamorig_Spine1-Matrix-animation-input"/>
        <input semantic="OUTPUT" source="#mixamorig_Spine1-Matrix-animation-output-transform"/>
        <input semantic="INTERPOLATION" source="#mixamorig_Spine1-Interpolations"/>
      </sampler>
      <channel source="#mixamorig_Spine1-Matrix-animation-transform" target="mixamorig_Spine1/matrix"/>
    </animation>
    <animation id="mixamorig_Spine2-anim" name="mixamorig_Spine2">
      <source id="mixamorig_Spine2-Matrix-animation-input">
        <float_array id="mixamorig_Spine2-Matrix-animation-input-array" count="27">

0.000000 0.033333 0.066667 0.100000 0.133333 0.166667 0.200000 0.233333 0.266667 0.300000 0.333333 0.366667 0.400000 0.433333 0.466667 0.500000
0.533333 0.566667 0.600000 0.633333 0.666667 0.700000 0.733333 0.766667 0.800000 0.833333 0.866667</float_array>
        <technique_common>
          <accessor source="#mixamorig_Spine2-Matrix-animation-input-array" count="27">
            <param name="TIME" type="float"/>
          </accessor>
        </technique_common>
      </source>
      <source id="mixamorig_Spine2-Matrix-animation-output-transform">
        <float_array id="mixamorig_Spine2-Matrix-animation-output-transform-array" count="432">

0.996854 -0.079062 -0.005599 0.000000 0.071042 0.922587 -0.379191 11.811400 0.035145 0.377601 0.925301 0.000000 0.000000 0.000000 0.000000 1.000000
0.998075 -0.061744 0.005880 -0.000000 0.059577 0.928030 -0.367710 11.811400 0.017247 0.367352 0.929922 0.000000 0.000000 0.000000 0.000000 1.000000
0.999002 -0.042024 0.015129 0.000000 0.044657 0.933608 -0.355503 11.811400 0.000815 0.355824 0.934553 -0.000000 0.000000 0.000000 0.000000 1.000000
0.999496 -0.021459 0.023382 -0.000000 0.028201 0.938476 -0.344191 11.811400 -0.014557 0.344677 0.938609 -0.000000 0.000000 0.000000 0.000000 1.000000
0.999418 -0.005045 0.033751 -0.000000 0.015592 0.947248 -0.320121 11.811400 -0.030355 0.320461 0.946775 0.000000 0.000000 0.000000 0.000000 1.000000
0.998889 0.004030 0.046951 0.000000 0.010120 0.954747 -0.297246 11.811400 -0.046024 0.297391 0.953646 -0.000000 0.000000 0.000000 0.000000 1.000000
0.998182 0.010373 0.059369 0.000000 0.006768 0.959552 -0.281450 11.811400 -0.059887 0.281340 0.957738 0.000000 0.000000 0.000000 0.000000 1.000000
0.997506 0.021999 0.067066 0.000000 -0.002430 0.960327 -0.278865 11.811400 -0.070540 0.278007 0.957986 0.000000 0.000000 0.000000 0.000000 1.000000
0.997018 0.035179 0.068683 -0.000000 -0.013855 0.957188 -0.289134 11.811400 -0.075913 0.287321 0.954821 0.000000 0.000000 0.000000 0.000000 1.000000
0.996976 0.044378 0.063799 0.000000 -0.023032 0.952768 -0.302824 11.811400 -0.074224 0.300438 0.950909 0.000000 0.000000 0.000000 0.000000 1.000000
0.997392 0.051476 0.050595 0.000000 -0.032932 0.948310 -0.315632 11.811400 -0.064227 0.313143 0.947532 0.000000 0.000000 0.000000 0.000000 1.000000
0.998204 0.051730 0.030211 -0.000000 -0.038965 0.943707 -0.328479 11.811400 -0.045503 0.326712 0.944028 -0.000000 0.000000 0.000000 0.000000 1.000000
0.999285 0.036811 0.008613 -0.000000 -0.031659 0.939340 -0.341524 11.811400 -0.020662 0.341007 0.939834 0.000000 0.000000 0.000000 0.000000 1.000000
0.999786 0.016764 -0.012090 0.000000 -0.019965 0.934623 -0.355079 11.811400 0.005347 0.355245 0.934758 0.000000 0.000000 0.000000 0.000000 1.000000
0.999541 -0.005828 -0.029714 0.000000 -0.005538 0.929558 -0.368633 11.811400 0.029769 0.368629 0.929100 0.000000 0.000000 0.000000 0.000000 1.000000
0.998596 -0.025650 -0.046352 0.000000 0.006156 0.925225 -0.379370 11.811400 0.052617 0.378552 0.924083 0.000000 0.000000 0.000000 0.000000 1.000000
0.997125 -0.038061 -0.065525 -0.000000 0.010161 0.924054 -0.382126 11.811400 0.075093 0.380362 0.921784 0.000000 0.000000 0.000000 0.000000 1.000000
0.995251 -0.045323 -0.086151 -0.000000 0.009571 0.926273 -0.376732 11.811400 0.096874 0.374118 0.922307 0.000000 0.000000 0.000000 0.000000 1.000000
0.993068 -0.047017 -0.107725 0.000000 0.004668 0.931564 -0.363547 11.811400 0.117445 0.360524 0.925326 0.000000 0.000000 0.000000 0.000000 1.000000
0.991061 -0.048303 -0.124360 -0.000000 0.002797 0.939472 -0.342614 11.811400 0.133382 0.339204 0.931209 0.000000 0.000000 0.000000 0.000000 1.000000
0.990110 -0.053098 -0.129858 0.000000 0.007385 0.944054 -0.329709 11.811400 0.140100 0.325489 0.935109 0.000000 0.000000 0.000000 0.000000 1.000000
0.990468 -0.062103 -0.122946 0.000000 0.017344 0.941716 -0.335962 11.811400 0.136645 0.330627 0.933817 0.000000 0.000000 0.000000 0.000000 1.000000
0.991786 -0.070869 -0.106483 0.000000 0.027102 0.930011 -0.366532 11.811400 0.125006 0.360635 0.924292 -0.000000 0.000000 0.000000 0.000000 1.000000
0.993341 -0.082486 -0.080438 -0.000000 0.045270 0.921444 -0.385864 11.811400 0.105947 0.379653 0.919042 0.000000 0.000000 0.000000 0.000000 1.000000
0.994574 -0.091519 -0.049459 0.000000 0.065049 0.918148 -0.390862 11.811400 0.081182 0.385524 0.919119 0.000000 0.000000 0.000000 0.000000 1.000000
0.995546 -0.091645 -0.022131 0.000000 0.076091 0.919632 -0.385340 11.811400 0.055667 0.381940 0.922509 0.000000 0.000000 0.000000 0.000000 1.000000
0.996856 -0.079035 -0.005615 0.000000 0.071011 0.922586 -0.379200 11.811400 0.035151 0.377609 0.925298 0.000000 0.000000 0.000000 0.000000 1.000000</float_array>
        <technique_common>
          <accessor source="#mixamorig_Spine2-Matrix-animation-output-transform-array" count="27" stride="16">
            <param type="float4x4"/>
          </accessor>
        </technique_common>
      </source>
      <source id="mixamorig_Spine2-Interpolations">
        <Name_array id="mixamorig_Spine2-Interpolations-array" count="27">
 LINEAR LINEAR LINEAR LINEAR LINEAR LINEAR LINEAR LINEAR LINEAR LINEAR LINEAR
LINEAR LINEAR LINEAR LINEAR LINEAR LINEAR LINEAR LINEAR LINEAR LINEAR LINEAR LINEAR
LINEAR LINEAR LINEAR LINEAR</Name_array>
        <technique_common>
          <accessor source="#mixamorig_Spine2-Interpolations-array" count="27">
            <param type="name"/>
          </accessor>
        </technique_common>
      </source>
      <sampler id="mixamorig_Spine2-Matrix-animation-transform">
        <input semantic="INPUT" source="#mixamorig_Spine2-Matrix-animation-input"/>
        <input semantic="OUTPUT" source="#mixamorig_Spine2-Matrix-animation-output-transform"/>
        <input semantic="INTERPOLATION" source="#mixamorig_Spine2-Interpolations"/>
      </sampler>
      <channel source="#mixamorig_Spine2-Matrix-animation-transform" target="mixamorig_Spine2/matrix"/>
    </animation>
    <animation id="mixamorig_Neck-anim" name="mixamorig_Neck">
      <source id="mixamorig_Neck-Matrix-animation-input">
        <float_array id="mixamorig_Neck-Matrix-animation-input-array" count="27">

0.000000 0.033333 0.066667 0.100000 0.133333 0.166667 0.200000 0.233333 0.266667 0.300000 0.333333 0.366667 0.400000 0.433333 0.466667 0.500000
0.533333 0.566667 0.600000 0.633333 0.666667 0.700000 0.733333 0.766667 0.800000 0.833333 0.866667</float_array>
        <technique_common>
          <accessor source="#mixamorig_Neck-Matrix-animation-input-array" count="27">
            <param name="TIME" type="float"/>
          </accessor>
        </technique_common>
      </source>
      <source id="mixamorig_Neck-Matrix-animation-output-transform">
        <float_array id="mixamorig_Neck-Matrix-animation-output-transform-array" count="432">

0.920601 0.177157 0.348008 -0.000000 -0.381618 0.597182 0.705508 29.693100 -0.082838 -0.782297 0.617373 7.256700 0.000000 0.000000 0.000000 1.000000
0.937304 0.158555 0.310359 0.000000 -0.336843 0.640667 0.689987 29.693100 -0.089436 -0.751269 0.653908 7.256700 0.000000 0.000000 0.000000 1.000000
0.954773 0.122274 0.271029 -0.000000 -0.285115 0.635132 0.717856 29.693100 -0.084365 -0.762664 0.641270 7.256700 0.000000 0.000000 0.000000 1.000000
0.973655 0.076739 0.214728 0.000000 -0.215721 0.615161 0.758314 29.693100 -0.073900 -0.784658 0.615509 7.256700 0.000000 0.000000 0.000000 1.000000
0.987155 0.041359 0.154321 0.000000 -0.141284 0.676963 0.722329 29.693100 -0.074595 -0.734854 0.674111 7.256700 0.000000 0.000000 0.000000 1.000000
0.994983 0.002394 0.100020 0.000000 -0.064428 0.780165 0.622247 29.693100 -0.076543 -0.625569 0.776405 7.256700 0.000000 0.000000 0.000000 1.000000
0.997298 -0.057932 0.045183 0.000000 0.024253 0.840118 0.541862 29.693100 -0.069350 -0.539302 0.839252 7.256700 0.000000 0.000000 0.000000 1.000000
0.991807 -0.127707 0.002990 0.000000 0.107944 0.850378 0.514981 29.693100 -0.068309 -0.510439 0.857196 7.256700 0.000000 0.000000 0.000000 1.000000
0.982219 -0.186814 -0.018622 -0.000000 0.168229 0.831770 0.529016 29.693100 -0.083338 -0.522742 0.848408 7.256700 0.000000 0.000000 0.000000 1.000000
0.975315 -0.220181 -0.016776 0.000000 0.192433 0.810221 0.553634 29.693100 -0.108307 -0.543196 0.832591 7.256700 0.000000 0.000000 0.000000 1.000000
0.976233 -0.216401 -0.011834 -0.000000 0.172100 0.740877 0.649217 29.693100 -0.131724 -0.635823 0.760511 7.256700 0.000000 0.000000 0.000000 1.000000
0.978074 -0.207372 -0.019188 -0.000000 0.142871 0.601099 0.786300 29.693100 -0.151522 -0.771801 0.617547 7.256700 0.000000 0.000000 0.000000 1.000000
0.973717 -0.227224 -0.015657 -0.000000 0.144025 0.561012 0.815182 29.693100 -0.176445 -0.796012 0.578993 7.256700 0.000000 0.000000 0.000000 1.000000
0.971041 -0.237428 0.026594 -0.000000 0.128375 0.612408 0.780048 29.693100 -0.201492 -0.754045 0.625154 7.256700 0.000000 0.000000 0.000000 1.000000
0.974346 -0.203291 0.096556 0.000000 0.053739 0.626775 0.777345 29.693100 -0.218546 -0.752214 0.621620 7.256700 0.000000 0.000000 0.000000 1.000000
0.970815 -0.150268 0.186916 0.000000 -0.053260 0.624824 0.778947 29.693100 -0.233840 -0.766168 0.598586 7.256700 0.000000 0.000000 0.000000 1.000000
0.954645 -0.088120 0.284409 0.000000 -0.158782 0.657378 0.736642 29.693100 -0.251877 -0.748391 0.613571 7.256700 0.000000 0.000000 0.000000 1.000000
0.932472 -0.013225 0.361001 0.000000 -0.240885 0.721954 0.648658 29.693100 -0.269205 -0.691815 0.670016 7.256700 0.000000 0.000000 0.000000 1.000000
0.914478 0.071011 0.398357 0.000000 -0.297550 0.785181 0.543098 29.693100 -0.274216 -0.615182 0.739159 7.256700 0.000000 0.000000 0.000000 1.000000
0.904061 0.149608 0.400364 -0.000000 -0.339269 0.820914 0.459345 29.693100 -0.259943 -0.551107 0.792913 7.256700 0.000000 0.000000 0.000000 1.000000
0.902187 0.196178 0.384152 -0.000000 -0.363299 0.825701 0.431546 29.693100 -0.232535 -0.528897 0.816208 7.256700 0.000000 0.000000 0.000000 1.000000
0.910237 0.193305 0.366199 -0.000000 -0.362583 0.799211 0.479370 29.693100 -0.200006 -0.569118 0.797561 7.256700 0.000000 0.000000 0.000000 1.000000
0.920345 0.160799 0.356524 0.000000 -0.353453 0.732221 0.582171 29.693100 -0.167442 -0.661813 0.730731 7.256700 0.000000 0.000000 0.000000 1.000000
0.920440 0.150266 0.360846 0.000000 -0.364585 0.662926 0.653917 29.693100 -0.140953 -0.733451 0.664968 7.256700 0.000000 0.000000 0.000000 1.000000
0.913992 0.168278 0.369189 0.000000 -0.386342 0.638899 0.665243 29.693100 -0.123928 -0.750660 0.648962 7.256700 0.000000 0.000000 0.000000 1.000000
0.911476 0.183438 0.368186 0.000000 -0.396825 0.627879 0.669551 29.693100 -0.108355 -0.756385 0.645090 7.256700 0.000000 0.000000 0.000000 1.000000
0.921503 0.168852 0.349744 -0.000000 -0.377653 0.599684 0.705519 29.693100 -0.090607 -0.782220 0.616378 7.256700 0.000000 0.000000 0.000000 1.000000</float_array>
        <technique_common>
          <accessor source="#mixamorig_Neck-Matrix-animation-output-transform-array" count="27" stride="16">
            <param type="float4x4"/>
          </accessor>
        </technique_common>
      </source>
      <source id="mixamorig_Neck-Interpolations">
        <Name_array id="mixamorig_Neck-Interpolations-array" count="27">
 LINEAR LINEAR LINEAR LINEAR LINEAR LINEAR LINEAR LINEAR LINEAR LINEAR LINEAR
LINEAR LINEAR LINEAR LINEAR LINEAR LINEAR LINEAR LINEAR LINEAR LINEAR LINEAR LINEAR
LINEAR LINEAR LINEAR LINEAR</Name_array>
        <technique_common>
          <accessor source="#mixamorig_Neck-Interpolations-array" count="27">
            <param type="name"/>
          </accessor>
        </technique_common>
      </source>
      <sampler id="mixamorig_Neck-Matrix-animation-transform">
        <input semantic="INPUT" source="#mixamorig_Neck-Matrix-animation-input"/>
        <input semantic="OUTPUT" source="#mixamorig_Neck-Matrix-animation-output-transform"/>
        <input semantic="INTERPOLATION" source="#mixamorig_Neck-Interpolations"/>
      </sampler>
      <channel source="#mixamorig_Neck-Matrix-animation-transform" target="mixamorig_Neck/matrix"/>
    </animation>
    <animation id="mixamorig_Head-anim" name="mixamorig_Head">
      <source id="mixamorig_Head-Matrix-animation-input">
        <float_array id="mixamorig_Head-Matrix-animation-input-array" count="27">

0.000000 0.033333 0.066667 0.100000 0.133333 0.166667 0.200000 0.233333 0.266667 0.300000 0.333333 0.366667 0.400000 0.433333 0.466667 0.500000
0.533333 0.566667 0.600000 0.633333 0.666667 0.700000 0.733333 0.766667 0.800000 0.833333 0.866667</float_array>
        <technique_common>
          <accessor source="#mixamorig_Head-Matrix-animation-input-array" count="27">
            <param name="TIME" type="float"/>
          </accessor>
        </technique_common>
      </source>
      <source id="mixamorig_Head-Matrix-animation-output-transform">
        <float_array id="mixamorig_Head-Matrix-animation-output-transform-array" count="432">

0.953975 -0.149244 -0.260112 0.000000 0.176103 0.980860 0.083078 7.448600 0.242735 -0.125060 0.961998 6.409500 0.000000 0.000000 0.000000 1.000000
0.953903 -0.116512 -0.276575 0.000000 0.157268 0.978960 0.130012 7.448600 0.255609 -0.167515 0.952157 6.409500 0.000000 0.000000 0.000000 1.000000
0.953251 -0.090968 -0.288162 -0.000000 0.131424 0.983505 0.124278 7.448600 0.272104 -0.156339 0.949483 6.409500 0.000000 0.000000 0.000000 1.000000
0.955551 -0.065010 -0.287568 -0.000000 0.099281 0.989373 0.106232 7.448600 0.277605 -0.130060 0.951851 6.409500 0.000000 0.000000 0.000000 1.000000
0.958568 -0.021691 -0.284038 0.000000 0.072435 0.982883 0.169393 7.448600 0.275501 -0.182948 0.943731 6.409500 0.000000 0.000000 0.000000 1.000000
0.963333 0.042666 -0.264893 0.000000 0.036443 0.957319 0.286726 7.448600 0.265821 -0.285867 0.920663 6.409500 0.000000 0.000000 0.000000 1.000000
0.969112 0.108586 -0.221431 0.000000 -0.017833 0.926358 0.376222 7.448600 0.245977 -0.360653 0.899681 6.409500 0.000000 0.000000 0.000000 1.000000
0.972099 0.157212 -0.174091 -0.000000 -0.071547 0.905524 0.418218 7.448600 0.223393 -0.394094 0.891507 6.409500 0.000000 0.000000 0.000000 1.000000
0.972342 0.193041 -0.131481 0.000000 -0.120072 0.895990 0.427533 7.448600 0.200337 -0.399921 0.894387 6.409500 0.000000 0.000000 0.000000 1.000000
0.970328 0.216646 -0.107371 0.000000 -0.152792 0.893555 0.422153 7.448600 0.187399 -0.393222 0.900143 6.409500 0.000000 0.000000 0.000000 1.000000
0.969214 0.213367 -0.122880 -0.000000 -0.162294 0.928907 0.332855 7.448600 0.185164 -0.302665 0.934938 6.409500 0.000000 0.000000 0.000000 1.000000
0.970612 0.195438 -0.140415 0.000000 -0.175069 0.973788 0.145218 7.448600 0.165116 -0.116368 0.979385 6.409500 0.000000 0.000000 0.000000 1.000000
0.972844 0.197577 -0.120575 -0.000000 -0.191156 0.979549 0.062799 7.448600 0.130517 -0.038045 0.990716 6.409500 0.000000 0.000000 0.000000 1.000000
0.976334 0.192897 -0.097788 0.000000 -0.183724 0.978327 0.095509 7.448600 0.114092 -0.075283 0.990614 6.409500 0.000000 0.000000 0.000000 1.000000
0.982092 0.158404 -0.101994 0.000000 -0.147694 0.983423 0.105196 7.448600 0.116967 -0.088248 0.989207 6.409500 0.000000 0.000000 0.000000 1.000000
0.987915 0.105288 -0.113747 0.000000 -0.092318 0.989201 0.113839 7.448600 0.124505 -0.101963 0.986966 6.409500 0.000000 0.000000 0.000000 1.000000
0.991100 0.053069 -0.122084 0.000000 -0.030627 0.983401 0.178842 7.448600 0.129549 -0.173511 0.976274 6.409500 0.000000 0.000000 0.000000 1.000000
0.992013 0.013436 -0.125417 0.000000 0.023360 0.957538 0.287360 7.448600 0.123952 -0.287995 0.949576 6.409500 0.000000 0.000000 0.000000 1.000000
0.991125 -0.026897 -0.130181 0.000000 0.076300 0.917035 0.391439 7.448600 0.108852 -0.397898 0.910949 6.409500 0.000000 0.000000 0.000000 1.000000
0.987199 -0.070765 -0.142934 0.000000 0.128690 0.882812 0.451754 7.448600 0.094216 -0.464365 0.880618 6.409500 0.000000 0.000000 0.000000 1.000000
0.983271 -0.096529 -0.154469 0.000000 0.157783 0.875089 0.457520 7.448600 0.091010 -0.474238 0.875680 6.409500 0.000000 0.000000 0.000000 1.000000
0.982339 -0.093550 -0.162046 0.000000 0.155003 0.891964 0.424704 7.448600 0.104808 -0.442321 0.890712 6.409500 0.000000 0.000000 0.000000 1.000000
0.981502 -0.081223 -0.173371 -0.000000 0.140526 0.920641 0.364244 7.448600 0.130027 -0.381869 0.915024 6.409500 0.000000 0.000000 0.000000 1.000000
0.976420 -0.086811 -0.197656 0.000000 0.142758 0.946461 0.289537 7.448600 0.161939 -0.310927 0.936536 6.409500 0.000000 0.000000 0.000000 1.000000
0.966884 -0.111274 -0.229680 0.000000 0.160996 0.964223 0.210605 7.448600 0.198028 -0.240608 0.950207 6.409500 0.000000 0.000000 0.000000 1.000000
0.956751 -0.137250 -0.256496 -0.000000 0.176330 0.974881 0.136071 7.448600 0.231377 -0.175414 0.956919 6.409500 0.000000 0.000000 0.000000 1.000000
0.955032 -0.140592 -0.261050 0.000000 0.167635 0.982240 0.084283 7.448600 0.244564 -0.124254 0.961639 6.409500 0.000000 0.000000 0.000000 1.000000</float_array>
        <technique_common>
          <accessor source="#mixamorig_Head-Matrix-animation-output-transform-array" count="27" stride="16">
            <param type="float4x4"/>
          </accessor>
        </technique_common>
      </source>
      <source id="mixamorig_Head-Interpolations">
        <Name_array id="mixamorig_Head-Interpolations-array" count="27">
 LINEAR LINEAR LINEAR LINEAR LINEAR LINEAR LINEAR LINEAR LINEAR LINEAR LINEAR
LINEAR LINEAR LINEAR LINEAR LINEAR LINEAR LINEAR LINEAR LINEAR LINEAR LINEAR LINEAR
LINEAR LINEAR LINEAR LINEAR</Name_array>
        <technique_common>
          <accessor source="#mixamorig_Head-Interpolations-array" count="27">
            <param type="name"/>
          </accessor>
        </technique_common>
      </source>
      <sampler id="mixamorig_Head-Matrix-animation-transform">
        <input semantic="INPUT" source="#mixamorig_Head-Matrix-animation-input"/>
        <input semantic="OUTPUT" source="#mixamorig_Head-Matrix-animation-output-transform"/>
        <input semantic="INTERPOLATION" source="#mixamorig_Head-Interpolations"/>
      </sampler>
      <channel source="#mixamorig_Head-Matrix-animation-transform" target="mixamorig_Head/matrix"/>
    </animation>
    <animation id="mixamorig_RightRope1-anim" name="mixamorig_RightRope1">
      <source id="mixamorig_RightRope1-Matrix-animation-input">
        <float_array id="mixamorig_RightRope1-Matrix-animation-input-array" count="27">

0.000000 0.033333 0.066667 0.100000 0.133333 0.166667 0.200000 0.233333 0.266667 0.300000 0.333333 0.366667 0.400000 0.433333 0.466667 0.500000
0.533333 0.566667 0.600000 0.633333 0.666667 0.700000 0.733333 0.766667 0.800000 0.833333 0.866667</float_array>
        <technique_common>
          <accessor source="#mixamorig_RightRope1-Matrix-animation-input-array" count="27">
            <param name="TIME" type="float"/>
          </accessor>
        </technique_common>
      </source>
      <source id="mixamorig_RightRope1-Matrix-animation-output-transform">
        <float_array id="mixamorig_RightRope1-Matrix-animation-output-transform-array" count="432">

0.000000 1.000000 0.000000 -63.188702 -1.000000 0.000000 -0.000000 40.024700 -0.000000 -0.000000 1.000000 -6.673100 0.000000 0.000000 0.000000 1.000000
0.000000 1.000000 0.000000 -63.188702 -1.000000 0.000000 -0.000000 40.024700 0.000000 0.000000 1.000000 -6.673100 0.000000 0.000000 0.000000 1.000000
0.000000 1.000000 0.000000 -63.188702 -1.000000 -0.000000 0.000000 40.024700 -0.000000 0.000000 1.000000 -6.673100 0.000000 0.000000 0.000000 1.000000
0.000000 1.000000 0.000000 -63.188702 -1.000000 0.000000 -0.000000 40.024700 0.000000 0.000000 1.000000 -6.673100 0.000000 0.000000 0.000000 1.000000
0.000000 1.000000 0.000000 -63.188702 -1.000000 0.000000 0.000000 40.024700 0.000000 0.000000 1.000000 -6.673100 0.000000 0.000000 0.000000 1.000000
-0.000000 1.000000 0.000000 -63.188702 -1.000000 0.000000 -0.000000 40.024700 -0.000000 -0.000000 1.000000 -6.673100 0.000000 0.000000 0.000000 1.000000
0.000000 1.000000 -0.000000 -63.188702 -1.000000 0.000000 0.000000 40.024700 -0.000000 0.000000 1.000000 -6.673100 0.000000 0.000000 0.000000 1.000000
0.000000 1.000000 0.000000 -63.188702 -1.000000 0.000000 -0.000000 40.024700 0.000000 0.000000 1.000000 -6.673100 0.000000 0.000000 0.000000 1.000000
0.000000 1.000000 -0.000000 -63.188702 -1.000000 0.000000 0.000000 40.024700 0.000000 0.000000 1.000000 -6.673100 0.000000 0.000000 0.000000 1.000000
0.000000 1.000000 0.000000 -63.188702 -1.000000 0.000000 0.000000 40.024700 -0.000000 -0.000000 1.000000 -6.673100 0.000000 0.000000 0.000000 1.000000
-0.000000 1.000000 0.000000 -63.188702 -1.000000 0.000000 0.000000 40.024700 0.000000 0.000000 1.000000 -6.673100 0.000000 0.000000 0.000000 1.000000
0.000000 1.000000 -0.000000 -63.188702 -1.000000 -0.000000 0.000000 40.024700 0.000000 -0.000000 1.000000 -6.673100 0.000000 0.000000 0.000000 1.000000
