<?xml version="1.0" encoding="utf-8"?>
<COLLADA xmlns="http://www.collada.org/2005/11/COLLADASchema" version="1.4.1">
  <asset>
    <contributor>
      <author>Mixamo</author>
      <authoring_tool>COLLADA Mixamo exporter</authoring_tool>
      <comments/>
    </contributor>
    <created>2024-08-19T10:13:52Z</created>
    <modified>2024-08-19T10:13:52Z</modified>
    <revision/>
    <title/>
    <unit meter="0.010000"/>
    <up_axis>Y_UP</up_axis>
  </asset>
  <library_animations>
    <animation id="mixamorig_Hips-anim" name="mixamorig_Hips">
      <source id="mixamorig_Hips-Matrix-animation-input">
        <float_array id="mixamorig_Hips-Matrix-animation-input-array" count="139">

0.000000 0.033333 0.066667 0.100000 0.133333 0.166667 0.200000 0.233333 0.266667 0.300000 0.333333 0.366667 0.400000 0.433333 0.466667 0.500000
0.533333 0.566667 0.600000 0.633333 0.666667 0.700000 0.733333 0.766667 0.800000 0.833333 0.866667 0.900000 0.933333 0.966667 1.000000 1.033333
1.066667 1.100000 1.133333 1.166667 1.200000 1.233333 1.266667 1.300000 1.333333 1.366667 1.400000 1.433333 1.466667 1.500000 1.533333 1.566667
1.600000 1.633333 1.666667 1.700000 1.733333 1.766667 1.800000 1.833333 1.866667 1.900000 1.933333 1.966667 2.000000 2.033333 2.066667 2.100000
2.133333 2.166667 2.200000 2.233333 2.266667 2.300000 2.333333 2.366667 2.400000 2.433333 2.466667 2.500000 2.533333 2.566667 2.600000 2.633333
2.666667 2.700000 2.733333 2.766667 2.800000 2.833333 2.866667 2.900000 2.933333 2.966667 3.000000 3.033333 3.066667 3.100000 3.133333 3.166667
3.200000 3.233333 3.266667 3.300000 3.333333 3.366667 3.400000 3.433333 3.466667 3.500000 3.533333 3.566667 3.600000 3.633333 3.666667 3.700000
3.733333 3.766667 3.800000 3.833333 3.866667 3.900000 3.933333 3.966667 4.000000 4.033333 4.066667 4.100000 4.133333 4.166667 4.200000 4.233333
4.266667 4.300000 4.333333 4.366667 4.400000 4.433333 4.466667 4.500000 4.533333 4.566667 4.600000</float_array>
        <technique_common>
          <accessor source="#mixamorig_Hips-Matrix-animation-input-array" count="139">
            <param name="TIME" type="float"/>
          </accessor>
        </technique_common>
      </source>
      <source id="mixamorig_Hips-Matrix-animation-output-transform">
        <float_array id="mixamorig_Hips-Matrix-animation-output-transform-array" count="2224">

0.999771 0.018168 0.011298 -0.028264 -0.018219 0.999824 0.004402 83.003113 -0.011216 -0.004607 0.999926 0.852608 0.000000 0.000000 0.000000 1.000000
0.999763 0.018531 0.011463 -0.021129 -0.018581 0.999818 0.004223 82.998169 -0.011383 -0.004435 0.999925 0.868985 0.000000 0.000000 0.000000 1.000000
0.999747 0.018940 0.012139 -0.015046 -0.018988 0.999812 0.003819 82.995911 -0.012064 -0.004048 0.999919 0.884520 0.000000 0.000000 0.000000 1.000000
0.999733 0.019406 0.012537 -0.012310 -0.019449 0.999805 0.003373 82.997551 -0.012469 -0.003616 0.999916 0.899749 0.000000 0.000000 0.000000 1.000000
0.999717 0.019731 0.013291 -0.009460 -0.019773 0.999800 0.002994 83.004295 -0.013229 -0.003256 0.999907 0.914312 0.000000 0.000000 0.000000 1.000000
0.999701 0.020245 0.013710 -0.009437 -0.020285 0.999790 0.002828 83.013626 -0.013650 -0.003105 0.999902 0.926529 0.000000 0.000000 0.000000 1.000000
0.999688 0.020551 0.014231 -0.006592 -0.020593 0.999784 0.002836 83.029602 -0.014169 -0.003128 0.999895 0.929812 0.000000 0.000000 0.000000 1.000000
0.999683 0.020895 0.014071 0.000493 -0.020943 0.999775 0.003276 83.050423 -0.014000 -0.003570 0.999896 0.930497 0.000000 0.000000 0.000000 1.000000
0.999692 0.021034 0.013144 0.010284 -0.021088 0.999770 0.003948 83.075447 -0.013058 -0.004224 0.999906 0.925543 0.000000 0.000000 0.000000 1.000000
0.999712 0.021176 0.011249 0.024840 -0.021228 0.999765 0.004463 83.102684 -0.011152 -0.004701 0.999927 0.911465 0.000000 0.000000 0.000000 1.000000
0.999739 0.021208 0.008521 0.046969 -0.021257 0.999758 0.005678 83.129517 -0.008398 -0.005857 0.999948 0.884652 0.000000 0.000000 0.000000 1.000000
0.999778 0.020557 0.004534 0.076432 -0.020587 0.999765 0.006849 83.145874 -0.004392 -0.006941 0.999966 0.831055 0.000000 0.000000 0.000000 1.000000
0.999783 0.020738 0.001728 0.109638 -0.020751 0.999755 0.007683 83.148315 -0.001568 -0.007717 0.999969 0.757720 0.000000 0.000000 0.000000 1.000000
0.999763 0.021778 -0.000558 0.151648 -0.021773 0.999727 0.008502 83.146439 0.000743 -0.008488 0.999964 0.639125 0.000000 0.000000 0.000000 1.000000
0.999733 0.023063 -0.001537 0.187384 -0.023049 0.999696 0.008744 83.144592 0.001738 -0.008706 0.999961 0.452151 0.000000 0.000000 0.000000 1.000000
0.999707 0.024128 -0.002157 0.231651 -0.024107 0.999665 0.009457 83.178459 0.002384 -0.009402 0.999953 0.152607 0.000000 0.000000 0.000000 1.000000
0.999613 0.027793 -0.001326 0.266445 -0.027780 0.999576 0.008711 83.245483 0.001568 -0.008671 0.999961 0.106869 0.000000 0.000000 0.000000 1.000000
0.999635 0.027027 -0.000522 0.313856 -0.027022 0.999606 0.007625 83.231163 0.000728 -0.007608 0.999971 0.154319 0.000000 0.000000 0.000000 1.000000
0.999504 0.028240 0.013945 0.247421 -0.028256 0.999600 0.000978 82.752014 -0.013912 -0.001371 0.999902 0.321426 0.000000 0.000000 0.000000 1.000000
0.998924 0.032070 0.033493 0.108097 -0.032079 0.999485 -0.000263 81.749016 -0.033485 -0.000812 0.999439 0.541836 0.000000 0.000000 0.000000 1.000000
0.998194 0.032821 0.050307 -0.035832 -0.032844 0.999460 -0.000352 80.320450 -0.050292 -0.001301 0.998734 0.828866 0.000000 0.000000 0.000000 1.000000
0.997621 0.034137 0.059899 -0.153914 -0.034077 0.999417 -0.002032 79.082420 -0.059933 -0.000013 0.998202 1.143809 0.000000 0.000000 0.000000 1.000000
0.995354 0.036858 0.088950 -0.263508 -0.036495 0.999318 -0.005708 78.049431 -0.089099 0.002435 0.996020 1.459495 0.000000 0.000000 0.000000 1.000000
0.993747 0.027234 0.108285 -0.466912 -0.026580 0.999619 -0.007480 76.667923 -0.108448 0.004555 0.994092 1.761449 0.000000 0.000000 0.000000 1.000000
0.994349 0.016469 0.104873 -0.624721 -0.015859 0.999852 -0.006642 75.370697 -0.104967 0.004941 0.994463 2.044870 0.000000 0.000000 0.000000 1.000000
0.995194 0.015333 0.096713 -0.683119 -0.014979 0.999878 -0.004375 74.346199 -0.096769 0.002906 0.995303 2.289196 0.000000 0.000000 0.000000 1.000000
0.996112 0.014253 0.086939 -0.729712 -0.014395 0.999896 0.001010 73.346977 -0.086915 -0.002257 0.996213 2.486104 0.000000 0.000000 0.000000 1.000000
0.997117 0.014450 0.074491 -0.767851 -0.015140 0.999847 0.008706 72.318733 -0.074354 -0.009809 0.997184 2.649408 0.000000 0.000000 0.000000 1.000000
0.996807 0.015981 0.078237 -0.790121 -0.017396 0.999697 0.017438 71.482559 -0.077935 -0.018744 0.996782 2.778250 0.000000 0.000000 0.000000 1.000000
0.996381 0.017008 0.083280 -0.824816 -0.019393 0.999422 0.027904 71.134056 -0.082757 -0.029418 0.996135 2.848428 0.000000 0.000000 0.000000 1.000000
0.996465 0.011168 0.083264 -0.933188 -0.014604 0.999062 0.040776 70.934586 -0.082731 -0.041848 0.995693 2.863030 0.000000 0.000000 0.000000 1.000000
0.995840 0.010878 0.090466 -0.983876 -0.015830 0.998404 0.054209 70.885605 -0.089732 -0.055416 0.994423 2.820145 0.000000 0.000000 0.000000 1.000000
0.995428 0.006505 0.095295 -1.089729 -0.013147 0.997513 0.069244 70.972321 -0.094608 -0.070180 0.993038 2.710951 0.000000 0.000000 0.000000 1.000000
0.994903 0.004438 0.100743 -1.170387 -0.013240 0.996131 0.086874 71.145607 -0.099968 -0.087765 0.991112 2.513964 0.000000 0.000000 0.000000 1.000000
0.994227 0.004028 0.107219 -1.230557 -0.015734 0.993966 0.108557 71.391312 -0.106135 -0.109617 0.988291 2.202439 0.000000 0.000000 0.000000 1.000000
0.993799 0.004538 0.111098 -1.279348 -0.018804 0.991634 0.127702 71.704887 -0.109589 -0.128999 0.985571 1.822896 0.000000 0.000000 0.000000 1.000000
0.993354 0.005012 0.114993 -1.322427 -0.021759 0.989214 0.144850 72.056541 -0.113026 -0.146390 0.982749 1.367765 0.000000 0.000000 0.000000 1.000000
0.993334 0.005278 0.115155 -1.377695 -0.024161 0.986295 0.163212 72.423935 -0.112715 -0.164907 0.979847 0.807764 0.000000 0.000000 0.000000 1.000000
0.993185 0.005075 0.116437 -1.439534 -0.026806 0.982215 0.185838 72.795219 -0.113423 -0.187692 0.975657 0.104117 0.000000 0.000000 0.000000 1.000000
0.992913 0.006577 0.118662 -1.484545 -0.030998 0.978237 0.205161 73.150665 -0.114730 -0.207386 0.971508 -0.691784 0.000000 0.000000 0.000000 1.000000
0.992670 0.004585 0.120770 -1.571939 -0.031435 0.974680 0.221382 73.485039 -0.116697 -0.223556 0.967680 -1.581286 0.000000 0.000000 0.000000 1.000000
0.992496 0.000453 0.122273 -1.677303 -0.030365 0.969579 0.242886 73.752441 -0.118444 -0.244776 0.962318 -2.647245 0.000000 0.000000 0.000000 1.000000
0.992129 -0.006992 0.125025 -1.818562 -0.026145 0.964868 0.261431 73.961700 -0.122461 -0.262642 0.957091 -3.822788 0.000000 0.000000 0.000000 1.000000
0.991261 -0.012906 0.131286 -1.942438 -0.025156 0.958446 0.284161 74.084831 -0.129498 -0.284981 0.949745 -5.194161 0.000000 0.000000 0.000000 1.000000
0.990091 -0.018503 0.139200 -2.058304 -0.025037 0.952137 0.304643 74.103645 -0.138174 -0.305110 0.942240 -6.698335 0.000000 0.000000 0.000000 1.000000
0.988814 -0.023432 0.147303 -2.166540 -0.026271 0.944784 0.326640 73.991745 -0.146823 -0.326856 0.933599 -8.382874 0.000000 0.000000 0.000000 1.000000
0.987309 -0.027964 0.156329 -2.275132 -0.029223 0.935577 0.351912 73.745422 -0.156098 -0.352014 0.922887 -10.275959 0.000000 0.000000 0.000000 1.000000
0.986132 -0.031190 0.163006 -2.384039 -0.033513 0.924527 0.379641 73.362175 -0.162544 -0.379838 0.910660 -12.381739 0.000000 0.000000 0.000000 1.000000
0.984395 -0.035668 0.172322 -2.512707 -0.037330 0.914631 0.402562 72.876038 -0.171970 -0.402713 0.899027 -14.739815 0.000000 0.000000 0.000000 1.000000
0.982722 -0.039595 0.180805 -2.636355 -0.042194 0.903207 0.427127 72.107521 -0.180217 -0.427376 0.885930 -17.543077 0.000000 0.000000 0.000000 1.000000
0.981868 -0.043468 0.184517 -2.768543 -0.045967 0.889714 0.454198 70.850853 -0.183910 -0.454444 0.871584 -20.739286 0.000000 0.000000 0.000000 1.000000
0.980954 -0.050855 0.187464 -2.946589 -0.047830 0.872158 0.486881 68.844902 -0.188258 -0.486575 0.853114 -24.279423 0.000000 0.000000 0.000000 1.000000
0.978917 -0.060280 0.195163 -3.157220 -0.051974 0.850505 0.523393 65.882271 -0.197537 -0.522502 0.829440 -28.070536 0.000000 0.000000 0.000000 1.000000
0.976687 -0.065414 0.204459 -3.334002 -0.061525 0.827188 0.558547 61.836929 -0.205663 -0.558104 0.803880 -31.997023 0.000000 0.000000 0.000000 1.000000
0.975030 -0.071475 0.210257 -3.536469 -0.071220 0.796138 0.600910 56.325798 -0.210344 -0.600879 0.771168 -36.073875 0.000000 0.000000 0.000000 1.000000
0.973319 -0.076831 0.216209 -3.756451 -0.084745 0.755285 0.649895 49.284672 -0.213232 -0.650878 0.728622 -40.288147 0.000000 0.000000 0.000000 1.000000
0.969859 -0.085776 0.228070 -4.002513 -0.100258 0.712613 0.694357 42.630016 -0.222084 -0.696294 0.682534 -44.595802 0.000000 0.000000 0.000000 1.000000
0.967358 -0.095282 0.234820 -4.232750 -0.115815 0.657966 0.744089 35.995193 -0.225402 -0.746996 0.625453 -49.010960 0.000000 0.000000 0.000000 1.000000
0.964727 -0.098821 0.244000 -4.395132 -0.138196 0.598772 0.788906 29.722141 -0.224061 -0.794799 0.563995 -53.378895 0.000000 0.000000 0.000000 1.000000
0.962488 -0.103904 0.250641 -4.562792 -0.156181 0.543211 0.824942 23.717785 -0.221866 -0.833142 0.506606 -57.532604 0.000000 0.000000 0.000000 1.000000
0.964503 -0.100693 0.244121 -4.617094 -0.167447 0.481631 0.860228 19.995262 -0.204195 -0.870570 0.447674 -61.501602 0.000000 0.000000 0.000000 1.000000
0.971139 -0.084208 0.223156 -4.566978 -0.168852 0.418076 0.892581 23.358892 -0.168459 -0.904500 0.391791 -65.361671 0.000000 0.000000 0.000000 1.000000
0.977045 -0.066631 0.202344 -4.514515 -0.167074 0.349626 0.921872 26.571795 -0.132170 -0.934517 0.330468 -69.556488 0.000000 0.000000 0.000000 1.000000
0.978555 -0.055120 0.198476 -4.678647 -0.181295 0.226974 0.956878 29.901781 -0.097792 -0.972340 0.212113 -73.600502 0.000000 0.000000 0.000000 1.000000
0.979943 -0.048134 0.193376 -4.648767 -0.191510 0.040802 0.980642 32.232483 -0.055092 -0.998007 0.030766 -76.112160 0.000000 0.000000 0.000000 1.000000
0.981421 -0.039352 0.187789 -4.504417 -0.190098 -0.066814 0.979489 34.258842 -0.025998 -0.996989 -0.073054 -77.752007 0.000000 0.000000 0.000000 1.000000
0.979241 -0.044048 0.197857 -4.466969 -0.201675 -0.113644 0.972837 35.831867 -0.020366 -0.992545 -0.120168 -79.425545 0.000000 0.000000 0.000000 1.000000
0.976756 -0.065717 0.204032 -4.758502 -0.213721 -0.225425 0.950530 35.378353 -0.016472 -0.972041 -0.234231 -81.833672 0.000000 0.000000 0.000000 1.000000
0.976137 -0.069922 0.205591 -4.723928 -0.217044 -0.344575 0.913324 33.299393 0.006980 -0.936151 -0.351528 -84.387901 0.000000 0.000000 0.000000 1.000000
0.975336 -0.073625 0.208084 -4.544655 -0.220390 -0.376820 0.899686 31.067766 0.012171 -0.923356 -0.383752 -86.790405 0.000000 0.000000 0.000000 1.000000
0.973964 -0.078765 0.212578 -4.597258 -0.226580 -0.368790 0.901474 28.558769 0.007392 -0.926170 -0.377035 -88.840057 0.000000 0.000000 0.000000 1.000000
0.970721 -0.082592 0.225565 -4.695239 -0.240152 -0.354370 0.903742 25.656330 0.005292 -0.931451 -0.363829 -90.299980 0.000000 0.000000 0.000000 1.000000
0.967343 -0.084149 0.239097 -4.763543 -0.253441 -0.336122 0.907078 22.453161 0.004037 -0.938052 -0.346472 -91.313232 0.000000 0.000000 0.000000 1.000000
0.964428 -0.084094 0.250613 -4.640105 -0.264341 -0.312334 0.912453 19.299528 0.001543 -0.946243 -0.323454 -91.897575 0.000000 0.000000 0.000000 1.000000
0.963022 -0.082561 0.256463 -4.478874 -0.269402 -0.282801 0.920568 16.089104 -0.003475 -0.955619 -0.294585 -91.897072 0.000000 0.000000 0.000000 1.000000
0.963403 -0.080087 0.255813 -4.439612 -0.267856 -0.250747 0.930258 15.900717 -0.010357 -0.964734 -0.263022 -91.561150 0.000000 0.000000 0.000000 1.000000
0.965063 -0.074676 0.251151 -4.346136 -0.261390 -0.208060 0.942543 16.922087 -0.018131 -0.975261 -0.220310 -91.033394 0.000000 0.000000 0.000000 1.000000
0.968872 -0.069849 0.237503 -4.080386 -0.245594 -0.150491 0.957620 17.554001 -0.031147 -0.986141 -0.162961 -90.543594 0.000000 0.000000 0.000000 1.000000
0.973550 -0.061613 0.220010 -3.853249 -0.225102 -0.093834 0.969806 17.938932 -0.039108 -0.993680 -0.105221 -90.245705 0.000000 0.000000 0.000000 1.000000
0.977710 -0.057011 0.202070 -3.923033 -0.204809 -0.047141 0.977666 18.054081 -0.046212 -0.997260 -0.057767 -90.177742 0.000000 0.000000 0.000000 1.000000
0.981506 -0.054140 0.183616 -4.203170 -0.184887 -0.019450 0.982567 18.012606 -0.049625 -0.998344 -0.029100 -90.165657 0.000000 0.000000 0.000000 1.000000
0.984163 -0.051507 0.169620 -4.333811 -0.170373 -0.010569 0.985323 18.107704 -0.048958 -0.998617 -0.019177 -90.076019 0.000000 0.000000 0.000000 1.000000
0.985640 -0.055396 0.159514 -4.541995 -0.160273 -0.009521 0.987027 18.305592 -0.053159 -0.998419 -0.018263 -89.966644 0.000000 0.000000 0.000000 1.000000
0.986911 -0.057999 0.150474 -4.790547 -0.150978 -0.004373 0.988527 18.486687 -0.056675 -0.998307 -0.013072 -89.875130 0.000000 0.000000 0.000000 1.000000
0.987915 -0.059881 0.142960 -4.997237 -0.142777 0.007349 0.989728 18.574169 -0.060317 -0.998178 -0.001289 -89.878624 0.000000 0.000000 0.000000 1.000000
0.988677 -0.060586 0.137285 -5.121960 -0.136466 0.017469 0.990491 18.529205 -0.062408 -0.998010 0.009003 -89.884300 0.000000 0.000000 0.000000 1.000000
0.989299 -0.058937 0.133469 -5.146047 -0.132255 0.024052 0.990924 18.436441 -0.061612 -0.997972 0.015999 -89.873764 0.000000 0.000000 0.000000 1.000000
0.989626 -0.056566 0.132062 -5.130875 -0.130770 0.025976 0.991072 18.330727 -0.059491 -0.998061 0.018309 -89.838646 0.000000 0.000000 0.000000 1.000000
0.989719 -0.053722 0.132553 -5.084661 -0.131445 0.023680 0.991041 18.238121 -0.056379 -0.998275 0.016375 -89.797668 0.000000 0.000000 0.000000 1.000000
0.989459 -0.052909 0.134804 -5.054315 -0.134008 0.018343 0.990811 18.180878 -0.054895 -0.998431 0.011060 -89.805634 0.000000 0.000000 0.000000 1.000000
0.989009 -0.053326 0.137904 -5.029965 -0.137379 0.013390 0.990428 18.147625 -0.054662 -0.998487 0.005917 -89.850777 0.000000 0.000000 0.000000 1.000000
0.988373 -0.053202 0.142437 -4.988288 -0.142053 0.010954 0.989798 18.110746 -0.054220 -0.998524 0.003269 -89.883148 0.000000 0.000000 0.000000 1.000000
0.987712 -0.052301 0.147274 -4.924713 -0.146859 0.011710 0.989088 18.086803 -0.053455 -0.998563 0.003885 -89.915474 0.000000 0.000000 0.000000 1.000000
0.987200 -0.052079 0.150743 -4.838936 -0.150184 0.014507 0.988552 18.076065 -0.053670 -0.998538 0.006500 -89.949142 0.000000 0.000000 0.000000 1.000000
0.986688 -0.052057 0.154071 -4.772346 -0.153387 0.016917 0.988021 18.083977 -0.054039 -0.998501 0.008707 -89.975372 0.000000 0.000000 0.000000 1.000000
0.986428 -0.051911 0.155772 -4.714191 -0.154989 0.018816 0.987737 18.110382 -0.054206 -0.998474 0.010515 -89.990631 0.000000 0.000000 0.000000 1.000000
0.986287 -0.052283 0.156536 -4.684484 -0.155688 0.019943 0.987605 18.135962 -0.054757 -0.998433 0.011530 -90.009377 0.000000 0.000000 0.000000 1.000000
0.986205 -0.052408 0.157016 -4.678587 -0.156099 0.021171 0.987514 18.158108 -0.055078 -0.998401 0.012698 -90.001076 0.000000 0.000000 0.000000 1.000000
0.986203 -0.052526 0.156985 -4.690563 -0.155996 0.022464 0.987502 18.170122 -0.055396 -0.998367 0.013960 -89.996986 0.000000 0.000000 0.000000 1.000000
0.986235 -0.052694 0.156726 -4.719390 -0.155674 0.023537 0.987528 18.175648 -0.055725 -0.998333 0.015009 -89.995178 0.000000 0.000000 0.000000 1.000000
0.986336 -0.052676 0.156100 -4.751089 -0.155030 0.023845 0.987622 18.173275 -0.055746 -0.998327 0.015353 -89.997154 0.000000 0.000000 0.000000 1.000000
0.986462 -0.052385 0.155395 -4.781219 -0.154351 0.023429 0.987738 18.163538 -0.055384 -0.998352 0.015026 -90.003342 0.000000 0.000000 0.000000 1.000000
0.986558 -0.051899 0.154949 -4.809331 -0.153942 0.022898 0.987815 18.155743 -0.054814 -0.998390 0.014601 -90.010612 0.000000 0.000000 0.000000 1.000000
0.986660 -0.051405 0.154464 -4.828949 -0.153492 0.022371 0.987897 18.152401 -0.054239 -0.998427 0.014182 -90.015213 0.000000 0.000000 0.000000 1.000000
0.986788 -0.050762 0.153861 -4.838415 -0.152920 0.021942 0.987995 18.151978 -0.053529 -0.998470 0.013890 -90.016975 0.000000 0.000000 0.000000 1.000000
0.986882 -0.050317 0.153399 -4.840506 -0.152454 0.022135 0.988063 18.152134 -0.053112 -0.998488 0.014174 -90.016006 0.000000 0.000000 0.000000 1.000000
0.986911 -0.050359 0.153199 -4.839560 -0.152238 0.022428 0.988089 18.154375 -0.053195 -0.998479 0.014468 -90.012978 0.000000 0.000000 0.000000 1.000000
0.986908 -0.050621 0.153137 -4.838631 -0.152151 0.022820 0.988094 18.158344 -0.053513 -0.998457 0.014819 -90.008743 0.000000 0.000000 0.000000 1.000000
0.986879 -0.050901 0.153226 -4.839718 -0.152214 0.023219 0.988075 18.160629 -0.053851 -0.998434 0.015166 -90.005638 0.000000 0.000000 0.000000 1.000000
0.986832 -0.051099 0.153466 -4.838519 -0.152431 0.023597 0.988032 18.160473 -0.054109 -0.998415 0.015497 -90.002686 0.000000 0.000000 0.000000 1.000000
0.986803 -0.051119 0.153645 -4.838198 -0.152599 0.023788 0.988002 18.158981 -0.054161 -0.998409 0.015674 -90.000999 0.000000 0.000000 0.000000 1.000000
0.986778 -0.051061 0.153825 -4.836556 -0.152778 0.023840 0.987973 18.156986 -0.054114 -0.998411 0.015723 -90.000832 0.000000 0.000000 0.000000 1.000000
0.986761 -0.050963 0.153968 -4.834815 -0.152921 0.023859 0.987950 18.153339 -0.054022 -0.998416 0.015749 -90.001595 0.000000 0.000000 0.000000 1.000000
0.986729 -0.050806 0.154220 -4.832230 -0.153175 0.023892 0.987910 18.151268 -0.053876 -0.998423 0.015793 -90.002678 0.000000 0.000000 0.000000 1.000000
0.986696 -0.050716 0.154464 -4.830238 -0.153417 0.023950 0.987871 18.150738 -0.053800 -0.998426 0.015851 -90.003029 0.000000 0.000000 0.000000 1.000000
0.986679 -0.050669 0.154589 -4.829861 -0.153539 0.024020 0.987851 18.150288 -0.053767 -0.998427 0.015920 -90.003113 0.000000 0.000000 0.000000 1.000000
0.986678 -0.050651 0.154598 -4.830596 -0.153542 0.024123 0.987848 18.149685 -0.053764 -0.998425 0.016024 -90.002953 0.000000 0.000000 0.000000 1.000000
0.986699 -0.050730 0.154438 -4.830963 -0.153378 0.024175 0.987872 18.149446 -0.053849 -0.998420 0.016073 -90.002327 0.000000 0.000000 0.000000 1.000000
0.986725 -0.050953 0.154202 -4.830120 -0.153136 0.024231 0.987908 18.146994 -0.054073 -0.998407 0.016107 -90.002472 0.000000 0.000000 0.000000 1.000000
0.986750 -0.051208 0.153957 -4.828737 -0.152879 0.024360 0.987945 18.144554 -0.054341 -0.998391 0.016208 -90.002548 0.000000 0.000000 0.000000 1.000000
0.986762 -0.051187 0.153886 -4.829838 -0.152798 0.024562 0.987952 18.145607 -0.054350 -0.998387 0.016415 -90.002525 0.000000 0.000000 0.000000 1.000000
0.986788 -0.051172 0.153726 -4.830592 -0.152627 0.024759 0.987974 18.147552 -0.054363 -0.998383 0.016622 -90.002045 0.000000 0.000000 0.000000 1.000000
0.986799 -0.051150 0.153661 -4.831854 -0.152551 0.024962 0.987980 18.150127 -0.054370 -0.998379 0.016829 -90.001793 0.000000 0.000000 0.000000 1.000000
0.986804 -0.051130 0.153636 -4.834116 -0.152514 0.025194 0.987980 18.153654 -0.054386 -0.998374 0.017063 -90.001320 0.000000 0.000000 0.000000 1.000000
0.986807 -0.051119 0.153622 -4.837750 -0.152497 0.025253 0.987981 18.157360 -0.054384 -0.998373 0.017124 -90.001686 0.000000 0.000000 0.000000 1.000000
0.986807 -0.051116 0.153618 -4.841085 -0.152492 0.025259 0.987982 18.161572 -0.054382 -0.998373 0.017131 -90.002502 0.000000 0.000000 0.000000 1.000000
0.986806 -0.051122 0.153622 -4.842392 -0.152498 0.025221 0.987982 18.164619 -0.054382 -0.998374 0.017092 -90.002998 0.000000 0.000000 0.000000 1.000000
0.986804 -0.051138 0.153631 -4.842638 -0.152514 0.025095 0.987983 18.164446 -0.054379 -0.998376 0.016964 -90.003548 0.000000 0.000000 0.000000 1.000000
0.986801 -0.051168 0.153640 -4.843190 -0.152534 0.024889 0.987985 18.163219 -0.054377 -0.998380 0.016756 -90.003807 0.000000 0.000000 0.000000 1.000000
0.986798 -0.051181 0.153656 -4.843204 -0.152555 0.024787 0.987984 18.161606 -0.054374 -0.998382 0.016652 -90.003479 0.000000 0.000000 0.000000 1.000000
0.986795 -0.051177 0.153675 -4.842799 -0.152574 0.024787 0.987981 18.159929 -0.054371 -0.998382 0.016651 -90.003242 0.000000 0.000000 0.000000 1.000000
0.986793 -0.051172 0.153689 -4.842735 -0.152588 0.024787 0.987979 18.159086 -0.054366 -0.998382 0.016651 -90.003319 0.000000 0.000000 0.000000 1.000000
0.986793 -0.051168 0.153695 -4.842997 -0.152595 0.024787 0.987978 18.158958 -0.054363 -0.998382 0.016651 -90.003677 0.000000 0.000000 0.000000 1.000000
0.986794 -0.051163 0.153691 -4.843724 -0.152590 0.024786 0.987979 18.158413 -0.054357 -0.998383 0.016652 -90.004074 0.000000 0.000000 0.000000 1.000000
0.986797 -0.051158 0.153672 -4.844691 -0.152572 0.024784 0.987982 18.157356 -0.054352 -0.998383 0.016652 -90.004128 0.000000 0.000000 0.000000 1.000000
0.986802 -0.051155 0.153637 -4.845319 -0.152537 0.024782 0.987987 18.156158 -0.054348 -0.998383 0.016651 -90.003677 0.000000 0.000000 0.000000 1.000000
0.986815 -0.051151 0.153560 -4.844868 -0.152460 0.024777 0.987999 18.153221 -0.054342 -0.998384 0.016652 -90.002808 0.000000 0.000000 0.000000 1.000000
0.986840 -0.051157 0.153391 -4.842883 -0.152291 0.024768 0.988025 18.149605 -0.054344 -0.998383 0.016652 -90.001480 0.000000 0.000000 0.000000 1.000000
0.986840 -0.051172 0.153391 -4.842050 -0.152291 0.024771 0.988025 18.146523 -0.054359 -0.998383 0.016652 -89.999886 0.000000 0.000000 0.000000 1.000000</float_array>
        <technique_common>
          <accessor source="#mixamorig_Hips-Matrix-animation-output-transform-array" count="139" stride="16">
            <param type="float4x4"/>
          </accessor>
        </technique_common>
      </source>
      <source id="mixamorig_Hips-Interpolations">
        <Name_array id="mixamorig_Hips-Interpolations-array" count="139">
 LINEAR LINEAR LINEAR LINEAR LINEAR LINEAR LINEAR LINEAR LINEAR LINEAR LINEAR
LINEAR LINEAR LINEAR LINEAR LINEAR LINEAR LINEAR LINEAR LINEAR LINEAR LINEAR LINEAR
LINEAR LINEAR LINEAR LINEAR LINEAR LINEAR LINEAR LINEAR LINEAR LINEAR LINEAR LINEAR
LINEAR LINEAR LINEAR LINEAR LINEAR LINEAR LINEAR LINEAR LINEAR LINEAR LINEAR LINEAR
LINEAR LINEAR LINEAR LINEAR LINEAR LINEAR LINEAR LINEAR LINEAR LINEAR LINEAR LINEAR
LINEAR LINEAR LINEAR LINEAR LINEAR LINEAR LINEAR LINEAR LINEAR LINEAR LINEAR LINEAR
LINEAR LINEAR LINEAR LINEAR LINEAR LINEAR LINEAR LINEAR LINEAR LINEAR LINEAR LINEAR
LINEAR LINEAR LINEAR LINEAR LINEAR LINEAR LINEAR LINEAR LINEAR LINEAR LINEAR LINEAR
LINEAR LINEAR LINEAR LINEAR LINEAR LINEAR LINEAR LINEAR LINEAR LINEAR LINEAR LINEAR
LINEAR LINEAR LINEAR LINEAR LINEAR LINEAR LINEAR LINEAR LINEAR LINEAR LINEAR LINEAR
LINEAR LINEAR LINEAR LINEAR LINEAR LINEAR LINEAR LINEAR LINEAR LINEAR LINEAR LINEAR
LINEAR LINEAR LINEAR LINEAR LINEAR LINEAR LINEAR LINEAR</Name_array>
        <technique_common>
          <accessor source="#mixamorig_Hips-Interpolations-array" count="139">
            <param type="name"/>
          </accessor>
        </technique_common>
      </source>
      <sampler id="mixamorig_Hips-Matrix-animation-transform">
        <input semantic="INPUT" source="#mixamorig_Hips-Matrix-animation-input"/>
        <input semantic="OUTPUT" source="#mixamorig_Hips-Matrix-animation-output-transform"/>
        <input semantic="INTERPOLATION" source="#mixamorig_Hips-Interpolations"/>
      </sampler>
      <channel source="#mixamorig_Hips-Matrix-animation-transform" target="mixamorig_Hips/matrix"/>
    </animation>
    <animation id="mixamorig_Spine-anim" name="mixamorig_Spine">
      <source id="mixamorig_Spine-Matrix-animation-input">
        <float_array id="mixamorig_Spine-Matrix-animation-input-array" count="139">

0.000000 0.033333 0.066667 0.100000 0.133333 0.166667 0.200000 0.233333 0.266667 0.300000 0.333333 0.366667 0.400000 0.433333 0.466667 0.500000
0.533333 0.566667 0.600000 0.633333 0.666667 0.700000 0.733333 0.766667 0.800000 0.833333 0.866667 0.900000 0.933333 0.966667 1.000000 1.033333
1.066667 1.100000 1.133333 1.166667 1.200000 1.233333 1.266667 1.300000 1.333333 1.366667 1.400000 1.433333 1.466667 1.500000 1.533333 1.566667
1.600000 1.633333 1.666667 1.700000 1.733333 1.766667 1.800000 1.833333 1.866667 1.900000 1.933333 1.966667 2.000000 2.033333 2.066667 2.100000
2.133333 2.166667 2.200000 2.233333 2.266667 2.300000 2.333333 2.366667 2.400000 2.433333 2.466667 2.500000 2.533333 2.566667 2.600000 2.633333
2.666667 2.700000 2.733333 2.766667 2.800000 2.833333 2.866667 2.900000 2.933333 2.966667 3.000000 3.033333 3.066667 3.100000 3.133333 3.166667
3.200000 3.233333 3.266667 3.300000 3.333333 3.366667 3.400000 3.433333 3.466667 3.500000 3.533333 3.566667 3.600000 3.633333 3.666667 3.700000
3.733333 3.766667 3.800000 3.833333 3.866667 3.900000 3.933333 3.966667 4.000000 4.033333 4.066667 4.100000 4.133333 4.166667 4.200000 4.233333
4.266667 4.300000 4.333333 4.366667 4.400000 4.433333 4.466667 4.500000 4.533333 4.566667 4.600000</float_array>
        <technique_common>
          <accessor source="#mixamorig_Spine-Matrix-animation-input-array" count="139">
            <param name="TIME" type="float"/>
          </accessor>
        </technique_common>
      </source>
      <source id="mixamorig_Spine-Matrix-animation-output-transform">
        <float_array id="mixamorig_Spine-Matrix-animation-output-transform-array" count="2224">

0.999975 -0.006156 0.003520 0.000000 0.006715 0.981591 -0.190880 13.663900 -0.002281 0.190898 0.981607 -1.184000 0.000000 0.000000 0.000000 1.000000
0.999975 -0.006216 0.003377 0.000000 0.006746 0.981617 -0.190740 13.663900 -0.002129 0.190758 0.981635 -1.184000 0.000000 0.000000 0.000000 1.000000
0.999975 -0.006287 0.003148 0.000000 0.006771 0.981662 -0.190512 13.663900 -0.001893 0.190528 0.981680 -1.184000 0.000000 0.000000 0.000000 1.000000
0.999975 -0.006351 0.002981 0.000000 0.006803 0.981674 -0.190444 13.663900 -0.001717 0.190460 0.981694 -1.184000 0.000000 0.000000 0.000000 1.000000
0.999976 -0.006410 0.002771 0.000000 0.006820 0.981679 -0.190421 13.663900 -0.001500 0.190436 0.981699 -1.184000 0.000000 0.000000 0.000000 1.000000
0.999976 -0.006470 0.002631 0.000000 0.006852 0.981677 -0.190431 13.663900 -0.001350 0.190444 0.981697 -1.184000 0.000000 0.000000 0.000000 1.000000
0.999976 -0.006501 0.002570 -0.000000 0.006872 0.981666 -0.190488 13.663900 -0.001285 0.190501 0.981686 -1.184000 0.000000 0.000000 0.000000 1.000000
0.999975 -0.006543 0.002527 0.000000 0.006904 0.981618 -0.190729 13.663900 -0.001232 0.190742 0.981639 -1.184000 0.000000 0.000000 0.000000 1.000000
0.999975 -0.006557 0.002619 0.000000 0.006936 0.981567 -0.190990 13.663900 -0.001319 0.191004 0.981588 -1.184000 0.000000 0.000000 0.000000 1.000000
0.999974 -0.006557 0.002844 0.000000 0.006980 0.981510 -0.191283 13.663900 -0.001537 0.191298 0.981531 -1.184000 0.000000 0.000000 0.000000 1.000000
0.999973 -0.006547 0.003215 0.000000 0.007042 0.981446 -0.191607 13.663900 -0.001901 0.191624 0.981466 -1.184000 0.000000 0.000000 0.000000 1.000000
0.999972 -0.006446 0.003907 0.000000 0.007077 0.981355 -0.192076 13.663900 -0.002596 0.192098 0.981372 -1.184000 0.000000 0.000000 0.000000 1.000000
0.999967 -0.006720 0.004598 0.000000 0.007481 0.981230 -0.192698 13.663900 -0.003217 0.192726 0.981247 -1.184000 0.000000 0.000000 0.000000 1.000000
0.999963 -0.007185 0.004628 -0.000000 0.007940 0.981321 -0.192211 13.663900 -0.003160 0.192241 0.981343 -1.184000 0.000000 0.000000 0.000000 1.000000
0.999962 -0.007637 0.004268 -0.000000 0.008304 0.982099 -0.188182 13.663900 -0.002754 0.188210 0.982125 -1.184000 0.000000 0.000000 0.000000 1.000000
0.999963 -0.007872 0.003345 -0.000000 0.008350 0.983204 -0.182320 13.663900 -0.001854 0.182341 0.983234 -1.184000 0.000000 0.000000 0.000000 1.000000
0.999964 -0.008118 0.002487 0.000000 0.008429 0.984274 -0.176445 13.663900 -0.001016 0.176460 0.984307 -1.184000 0.000000 0.000000 0.000000 1.000000
0.999964 -0.008153 0.002246 -0.000000 0.008418 0.984932 -0.172736 13.663900 -0.000804 0.172749 0.984966 -1.184000 0.000000 0.000000 0.000000 1.000000
0.999954 -0.009071 0.003162 0.000000 0.009485 0.984435 -0.175495 13.663900 -0.001521 0.175516 0.984475 -1.184000 0.000000 0.000000 0.000000 1.000000
0.999916 -0.011437 0.006170 0.000000 0.012400 0.981756 -0.189741 13.663900 -0.003888 0.189802 0.981815 -1.184000 0.000000 0.000000 0.000000 1.000000
0.999816 -0.015309 0.011585 0.000000 0.017389 0.977854 -0.208563 13.663900 -0.008135 0.208726 0.977940 -1.184000 0.000000 0.000000 0.000000 1.000000
0.999638 -0.021353 0.016399 0.000000 0.024445 0.975083 -0.220491 13.663900 -0.011283 0.220812 0.975251 -1.184000 0.000000 0.000000 0.000000 1.000000
0.999360 -0.031121 0.017620 0.000000 0.034291 0.973748 -0.225030 13.663900 -0.010155 0.225491 0.974192 -1.184000 0.000000 0.000000 0.000000 1.000000
0.998965 -0.040947 0.019810 -0.000000 0.044392 0.972601 -0.228203 13.663900 -0.009923 0.228846 0.973412 -1.184000 0.000000 0.000000 0.000000 1.000000
0.998449 -0.048577 0.027216 0.000000 0.053477 0.972735 -0.225668 13.663900 -0.015512 0.226773 0.973824 -1.184000 0.000000 0.000000 0.000000 1.000000
0.997970 -0.053242 0.034957 0.000000 0.059535 0.974810 -0.214944 13.663900 -0.022632 0.216589 0.976000 -1.184000 0.000000 0.000000 0.000000 1.000000
0.997730 -0.054448 0.039627 0.000000 0.061332 0.977704 -0.200831 13.663900 -0.027809 0.202805 0.978824 -1.184000 0.000000 0.000000 0.000000 1.000000
0.997595 -0.054610 0.042683 0.000000 0.061631 0.980656 -0.185782 13.663900 -0.031712 0.187966 0.981664 -1.184000 0.000000 0.000000 0.000000 1.000000
0.997551 -0.057212 0.040244 0.000000 0.063275 0.983323 -0.170503 13.663900 -0.029818 0.172632 0.984535 -1.184000 0.000000 0.000000 0.000000 1.000000
0.997475 -0.059701 0.038454 0.000000 0.065035 0.985448 -0.157041 13.663900 -0.028519 0.159146 0.986843 -1.184000 0.000000 0.000000 0.000000 1.000000
0.997458 -0.058709 0.040385 0.000000 0.063965 0.987454 -0.144369 13.663900 -0.031402 0.146585 0.988699 -1.184000 0.000000 0.000000 0.000000 1.000000
0.997290 -0.061773 0.039953 0.000000 0.066536 0.989069 -0.131591 13.663900 -0.031387 0.133893 0.990499 -1.184000 0.000000 0.000000 0.000000 1.000000
0.997303 -0.061038 0.040767 0.000000 0.065566 0.990490 -0.120960 13.663900 -0.032996 0.123306 0.991820 -1.184000 0.000000 0.000000 0.000000 1.000000
0.997283 -0.061081 0.041182 -0.000000 0.065425 0.991320 -0.114033 13.663900 -0.033859 0.116417 0.992623 -1.184000 0.000000 0.000000 0.000000 1.000000
0.997195 -0.062589 0.041054 -0.000000 0.066876 0.991336 -0.113055 13.663900 -0.033623 0.115483 0.992740 -1.184000 0.000000 0.000000 0.000000 1.000000
0.997098 -0.064335 0.040706 0.000000 0.068563 0.991248 -0.112811 13.663900 -0.033092 0.115275 0.992782 -1.184000 0.000000 0.000000 0.000000 1.000000
0.997045 -0.065620 0.039941 0.000000 0.069672 0.991447 -0.110356 13.663900 -0.032357 0.112813 0.993089 -1.184000 0.000000 0.000000 0.000000 1.000000
0.996988 -0.066272 0.040288 0.000000 0.070325 0.991519 -0.109287 13.663900 -0.032704 0.111791 0.993193 -1.184000 0.000000 0.000000 0.000000 1.000000
0.996925 -0.066963 0.040696 0.000000 0.071127 0.991229 -0.111385 13.663900 -0.032880 0.113937 0.992944 -1.184000 0.000000 0.000000 0.000000 1.000000
0.996836 -0.068449 0.040407 -0.000000 0.072592 0.991054 -0.111994 13.663900 -0.032379 0.114573 0.992887 -1.184000 0.000000 0.000000 0.000000 1.000000
0.996877 -0.067532 0.040947 0.000000 0.071716 0.991206 -0.111210 13.663900 -0.033076 0.113799 0.992953 -1.184000 0.000000 0.000000 0.000000 1.000000
0.996939 -0.065665 0.042424 0.000000 0.070121 0.991016 -0.113884 13.663900 -0.034565 0.116510 0.992588 -1.184000 0.000000 0.000000 0.000000 1.000000
0.997107 -0.061718 0.044365 -0.000000 0.066467 0.991133 -0.115056 13.663900 -0.036871 0.117672 0.992368 -1.184000 0.000000 0.000000 0.000000 1.000000
0.997206 -0.059419 0.045282 -0.000000 0.064440 0.990805 -0.118966 13.663900 -0.037797 0.121551 0.991865 -1.184000 0.000000 0.000000 0.000000 1.000000
0.997305 -0.057428 0.045669 0.000000 0.062606 0.990616 -0.121489 13.663900 -0.038263 0.124021 0.991542 -1.184000 0.000000 0.000000 0.000000 1.000000
0.997364 -0.056135 0.045972 0.000000 0.061493 0.990261 -0.124905 13.663900 -0.038513 0.127402 0.991103 -1.184000 0.000000 0.000000 0.000000 1.000000
0.997423 -0.055089 0.045968 -0.000000 0.060481 0.990232 -0.125626 13.663900 -0.038598 0.128083 0.991012 -1.184000 0.000000 0.000000 0.000000 1.000000
0.997461 -0.053991 0.046439 0.000000 0.059467 0.990245 -0.126012 13.663900 -0.039183 0.128453 0.990941 -1.184000 0.000000 0.000000 0.000000 1.000000
0.997529 -0.052412 0.046786 0.000000 0.057819 0.990733 -0.122900 13.663900 -0.039911 0.125301 0.991316 -1.184000 0.000000 0.000000 0.000000 1.000000
0.997586 -0.050869 0.047268 -0.000000 0.056310 0.990932 -0.121996 13.663900 -0.040633 0.124363 0.991404 -1.184000 0.000000 0.000000 0.000000 1.000000
0.997631 -0.048323 0.048969 -0.000000 0.054002 0.991035 -0.122205 13.663900 -0.042624 0.124560 0.991296 -1.184000 0.000000 0.000000 0.000000 1.000000
0.997655 -0.045417 0.051208 0.000000 0.051416 0.991113 -0.122681 13.663900 -0.045181 0.125026 0.991124 -1.184000 0.000000 0.000000 0.000000 1.000000
0.997638 -0.044488 0.052343 0.000000 0.050627 0.991178 -0.122490 13.663900 -0.046432 0.124850 0.991089 -1.184000 0.000000 0.000000 0.000000 1.000000
0.997550 -0.046224 0.052515 0.000000 0.052304 0.991269 -0.121035 13.663900 -0.046462 0.123485 0.991258 -1.184000 0.000000 0.000000 0.000000 1.000000
0.997391 -0.049163 0.052864 -0.000000 0.055225 0.991224 -0.120108 13.663900 -0.046495 0.122714 0.991352 -1.184000 0.000000 0.000000 0.000000 1.000000
0.997357 -0.051820 0.050928 0.000000 0.057595 0.991174 -0.119401 13.663900 -0.044291 0.122019 0.991539 -1.184000 0.000000 0.000000 0.000000 1.000000
0.997395 -0.054689 0.047044 0.000000 0.059885 0.991296 -0.117240 13.663900 -0.040223 0.119752 0.991989 -1.184000 0.000000 0.000000 0.000000 1.000000
0.997471 -0.056834 0.042687 0.000000 0.061286 0.991873 -0.111495 13.663900 -0.036003 0.113829 0.992848 -1.184000 0.000000 0.000000 0.000000 1.000000
0.997633 -0.059247 0.034916 0.000000 0.062468 0.993043 -0.099815 13.663900 -0.028760 0.101759 0.994393 -1.184000 0.000000 0.000000 0.000000 1.000000
0.997572 -0.062622 0.030477 0.000000 0.064974 0.994384 -0.083538 13.663900 -0.025074 0.085316 0.996038 -1.184000 0.000000 0.000000 0.000000 1.000000
0.997707 -0.062302 0.026459 0.000000 0.063824 0.996081 -0.061222 13.663900 -0.022541 0.062771 0.997773 -1.184000 0.000000 0.000000 0.000000 1.000000
0.997894 -0.061033 0.021985 0.000000 0.061819 0.997399 -0.037073 13.663900 -0.019665 0.038354 0.999071 -1.184000 0.000000 0.000000 0.000000 1.000000
0.997996 -0.060885 0.017227 0.000000 0.061422 0.997581 -0.032564 13.663900 -0.015202 0.033557 0.999321 -1.184000 0.000000 0.000000 0.000000 1.000000
0.997974 -0.062721 0.010642 0.000000 0.063151 0.996919 -0.046520 13.663900 -0.007692 0.047098 0.998861 -1.184000 0.000000 0.000000 0.000000 1.000000
0.998039 -0.062230 0.006818 -0.000000 0.062514 0.996486 -0.055751 13.663900 -0.003325 0.056068 0.998421 -1.184000 0.000000 0.000000 0.000000 1.000000
0.999325 -0.035586 -0.009078 -0.000000 0.035664 0.999327 0.008568 13.663900 0.008767 -0.008886 0.999922 -1.184000 0.000000 0.000000 0.000000 1.000000
0.999775 -0.004769 -0.020678 0.000000 0.006571 0.996099 0.088003 13.663900 0.020177 -0.088119 0.995906 -1.184000 0.000000 0.000000 0.000000 1.000000
0.999873 0.008747 -0.013287 0.000000 -0.007438 0.995399 0.095527 13.663900 0.014061 -0.095416 0.995338 -1.184000 0.000000 0.000000 0.000000 1.000000
0.999947 0.000584 -0.010269 0.000000 -0.000225 0.999387 0.034995 13.663900 0.010283 -0.034991 0.999335 -1.184000 0.000000 0.000000 0.000000 1.000000
0.999629 -0.024260 -0.012415 0.000000 0.023378 0.997490 -0.066841 13.663900 0.014005 0.066526 0.997686 -1.184000 0.000000 0.000000 0.000000 1.000000
0.999086 -0.041689 -0.009440 0.000000 0.039808 0.987916 -0.149791 13.663900 0.015571 0.149278 0.988673 -1.184000 0.000000 0.000000 0.000000 1.000000
0.998616 -0.052333 -0.005174 0.000000 0.050205 0.978019 -0.202380 13.663900 0.015652 0.201840 0.979293 -1.184000 0.000000 0.000000 0.000000 1.000000
0.998559 -0.053611 -0.002375 -0.000000 0.051837 0.975067 -0.215770 13.663900 0.013883 0.215336 0.976441 -1.184000 0.000000 0.000000 0.000000 1.000000
0.998832 -0.048316 -0.000920 0.000000 0.047079 0.977209 -0.206994 13.663900 0.010901 0.206708 0.978342 -1.184000 0.000000 0.000000 0.000000 1.000000
0.999237 -0.039020 -0.001632 0.000000 0.037964 0.980305 -0.193807 13.663900 0.009163 0.193598 0.981038 -1.184000 0.000000 0.000000 0.000000 1.000000
0.999766 -0.021462 -0.002678 0.000000 0.020747 0.986616 -0.161734 13.663900 0.006113 0.161641 0.986831 -1.184000 0.000000 0.000000 0.000000 1.000000
0.999972 -0.005835 -0.004669 0.000000 0.005271 0.993595 -0.112875 13.663900 0.005298 0.112847 0.993598 -1.184000 0.000000 0.000000 0.000000 1.000000
0.999931 0.009093 -0.007377 -0.000000 -0.009494 0.998370 -0.056281 13.663900 0.006853 0.056347 0.998388 -1.184000 0.000000 0.000000 0.000000 1.000000
0.999787 0.017667 -0.010662 0.000000 -0.017732 0.999824 -0.006048 13.663900 0.010554 0.006236 0.999925 -1.184000 0.000000 0.000000 0.000000 1.000000
0.999610 0.025447 -0.011506 0.000000 -0.025104 0.999263 0.029037 13.663900 0.012237 -0.028737 0.999512 -1.184000 0.000000 0.000000 0.000000 1.000000
0.999299 0.036225 -0.009405 0.000000 -0.035760 0.998315 0.045693 13.663900 0.011044 -0.045324 0.998911 -1.184000 0.000000 0.000000 0.000000 1.000000
0.999158 0.040400 -0.007196 0.000000 -0.039977 0.997868 0.051595 13.663900 0.009265 -0.051264 0.998642 -1.184000 0.000000 0.000000 0.000000 1.000000
0.999061 0.043003 -0.005330 0.000000 -0.042665 0.997707 0.052536 13.663900 0.007577 -0.052260 0.998605 -1.184000 0.000000 0.000000 0.000000 1.000000
0.998887 0.046995 -0.003963 -0.000000 -0.046712 0.997441 0.054133 13.663900 0.006496 -0.053888 0.998526 -1.184000 0.000000 0.000000 0.000000 1.000000
0.998666 0.051591 -0.002268 0.000000 -0.051374 0.997011 0.057710 13.663900 0.005238 -0.057517 0.998331 -1.184000 0.000000 0.000000 0.000000 1.000000
